1 1 2174973.250000
5 1 -13423.508789
9 1 43.921741
9 5 -34.946186
9 9 51.472744
10 5 4.411267
10 9 -6.497419
11 11 739.069946
12 11 -1.534370
12 12 1.534370
13 13 51.017391
14 14 167.789795
16 16 940.946472
17 17 929.505981
18 15 -923.864502
18 18 923.864502
19 15 -923.864502
19 19 923.864502
22 22 27.098503
23 23 26.902082
24 24 26.846355
25 21 -26.652666
25 25 26.652666
26 8 -16.403378
26 26 19.108578
27 4 -4.338314
28 4 1.128676
28 28 5.634001
29 29 5.948838
30 30 1.416895
32 31 -1.055926
32 32 2.850066
34 13 -117.517723
35 3 -160962.406250
35 8 -4982.650391
35 26 -6202.531738
35 35 100366328.000000
36 36 100000000.000000
37 37 6453.475586
38 11 -556.314697
39 38 -257.326294
39 39 269.531647
40 40 60483.289062
41 40 -125177.375000
42 40 3669.052490
42 41 -840.159790
42 42 840.159790
43 40 -256851.312500
43 43 19387072.000000
44 41 -9027775.000000
44 44 117361040.000000
45 40 -7612.013184
45 45 14100.944336
48 46 -201833600.000000
48 47 -2117876.250000
49 40 3502.872803
49 45 -22267.835938
50 45 6917.065430
50 49 -125177.375000
51 49 3669.052490
51 50 -840.159790
51 51 840.159790
52 50 -728597.375000
52 52 764430.062500
53 49 -170548.203125
53 53 2515707.000000
54 53 -2796619.750000
55 53 -2500.000000
55 55 2500.000000
56 56 859.985535
57 57 12624.678711
58 58 244.905289
60 60 10850.702148
61 61 15625.000000
63 56 -295861.156250
64 56 885.967041
64 63 -4825.081543
65 63 -100159200.000000
65 65 100318648.000000
66 57 -49663.199219
66 66 195366.015625
67 59 -4073.165527
67 66 -16253.117188
68 57 2727.174072
68 59 746.346741
68 60 -30134.720703
68 66 -14771.746094
68 67 -8874.026367
69 59 372.601959
69 66 1486.790283
69 67 -2921.172363
69 69 36386.515625
70 58 -3773.976807
70 67 2686.656250
70 69 -73028.109375
71 63 1238.175415
71 64 -3956.523438
72 64 2276.867432
72 71 -4717.813965
73 73 30.864189
74 60 4957.511719
74 66 -11413.170898
74 67 1459.880493
74 68 -18318.312500
78 66 1122.850952
78 68 1636.554199
78 74 -9032.459961
79 74 3126.099854
80 66 516.665649
80 68 753.039795
80 74 -10398.209961
80 80 431867.968750
81 74 1061.932251
81 80 -72293.703125
82 82 24.751858
83 83 297.265198
84 84 308.869720
87 85 -917150.437500
88 87 -21626.292969
88 88 21626.292969
89 89 4269.472656
90 68 -2096.393799
90 90 4203.005371
91 90 -20960.513672
92 90 5317.708008
92 92 67023.820312
93 92 -82959.476562
94 82 -2308.881348
94 83 -8001.469727
95 84 -1345.729858
96 82 23.884415
96 83 82.771866
97 84 145.606369
98 11 343.444336
98 38 -2647.115479
98 98 3269.288086
99 38 11.652649
99 39 -14.535339
101 4 1.257727
104 3 17.878471
104 5 6.809051
104 8 0.553693
104 9 -10.029150
104 13 18.768822
104 26 0.688629
104 35 -11147.923828
105 89 -2503.493896
106 105 -145.860916
106 106 145.860916
108 90 2195.547363
108 107 -32437.714844
108 108 1017703.625000
109 89 14190.434570
109 105 -3996715.750000
109 109 107544576.000000
110 108 -9977082.000000
112 112 91058.609375
113 112 -74505.367188
114 113 -76306.734375
114 114 100152656.000000
115 89 -1765.978638
115 90 786.354614
116 90 11605.037109
117 91 3911.750488
117 116 -119.966019
117 117 119.966019
118 118 30.490396
119 66 6160.990723
119 68 8979.638672
119 74 -43081.253906
119 118 -1260.798950
119 119 52134.910156
121 71 1322.751343
121 72 -6483.065430
121 120 -34466.941406
122 72 1687.538086
122 120 8971.724609
122 121 -10821.781250
123 74 6439.562012
123 118 188.457687
123 119 -11612.958008
123 121 2869.498291
123 122 -4531.538086
123 123 12528.101562
124 121 2928.785889
124 122 -4041.801270
125 50 34153.007812
125 52 -50721.417969
125 119 1273.495728
125 122 2861.067871
125 123 -17731.890625
125 124 -11872.083008
126 52 3335.528320
126 85 -127518.039062
126 116 -32530.107422
126 123 3036.823975
126 124 2659.702393
128 127 -30.864189
128 128 30.864189
129 62 -9329.705078
129 126 -11415.850586
129 129 33780.675781
130 61 -60237.898438
131 63 484.935303
132 131 -7594.767090
132 132 10203.100586
133 131 -706753.750000
133 133 844156.500000
134 133 -157.824188
134 134 157.824188
136 131 -3611.298584
136 135 -2540.100342
136 136 9965.220703
139 135 -427.661774
139 139 8111.806152
140 135 61.032623
140 139 -1742.873047
141 136 -3613.687012
141 138 -2741.666260
141 141 8946.791016
142 142 1347.127808
144 131 331.516632
144 132 -44611.640625
144 144 100338488.000000
145 145 100440680.000000
146 40 240211.390625
146 43 -50835124.000000
146 146 53129564.000000
147 43 12787726.000000
147 146 -59500548.000000
147 147 167474128.000000
148 147 -100000000.000000
148 148 100000000.000000
149 149 27.098503
150 150 5406.574219
151 151 176.833344
154 154 188.167603
155 155 840.159790
156 156 21003.982422
164 164 27.098503
166 149 -1776.870972
166 164 -1776.870972
166 165 -20687.085938
167 165 -600.728516
167 167 1201.457031
168 168 4848.425781
169 169 657.327515
170 170 917.275146
171 171 2730.428467
172 160 -669.196106
172 172 4469.282227
173 150 -20569.095703
173 160 425.957825
173 172 -11619.700195
175 151 -713.230042
175 165 -299.578735
175 167 -1530.276245
177 176 -47686.281250
177 177 76496.726562
178 171 -3457.906738
178 176 -1850.014893
178 178 7775.115234
179 175 -279.440399
179 179 558.880798
180 152 -296.474060
180 168 -267.522522
180 180 811.745605
182 58 77.549301
182 69 869.368591
183 57 16523.468750
183 66 -123532.484375
183 153 -13724.784180
183 181 -9213.396484
183 182 -11916.728516
183 183 158418.890625
184 66 13491.633789
184 150 2817.218506
184 153 3163.556152
184 172 1630.390137
184 173 -7361.489258
184 181 2123.683350
184 182 2746.800049
184 183 -54142.531250
185 185 65.036423
187 169 -1516.558350
187 185 -932.165466
187 186 -4480.167480
188 169 418.527283
188 170 -1884.718994
188 185 239.303146
188 186 1236.399780
188 188 2751.278320
189 189 1722.077393
190 190 1089.217773
192 166 -65971.367188
193 173 1586.508301
193 183 3798.887207
193 184 -10228.034180
194 165 -2257.068604
194 170 -820.449951
194 194 6240.588867
195 195 1361.324341
196 58 80.917534
196 69 907.128235
196 196 26.735424
197 197 1331.402710
198 155 -34802.988281
198 184 2509.567871
198 191 -1334114.250000
198 193 -72769.875000
198 198 1441687.750000
199 190 -26602.408203
199 193 -85750.335938
199 199 649721.375000
201 60 5234.507812
201 66 1219.690430
201 67 1541.449829
201 68 -8678.317383
201 163 -2359.268799
201 166 -2569.917725
201 183 -6070.247070
201 200 -7577.113770
202 200 -339.503571
202 202 438.303497
203 175 139.720200
203 179 -474.943207
203 200 76.528969
203 202 -176.853394
203 203 273.556366
204 204 416233.125000
205 159 -141.091354
205 182 -480.371307
205 205 825.194580
206 169 122.646698
206 185 70.126228
206 186 362.318878
207 154 -12275.250000
207 176 -570125.875000
207 177 -120596.789062
208 154 1157.588135
208 176 56321.367188
208 177 8790.438477
208 193 -4748.965332
208 207 -10379.594727
208 208 15128.556641
209 162 -608.847412
209 168 -4922.128418
209 169 75.023247
209 180 -710.498535
209 185 42.896362
209 186 221.631241
209 187 -434.613495
209 209 6676.088867
211 174 -1076.228760
211 189 -967.618591
211 191 -1101.518799
211 195 -3174.672363
211 211 7119.367188
212 197 -927.383240
212 211 -892.460754
212 212 1819.843994
213 130 -12165.091797
213 156 -61906.890625
213 173 791.942444
213 183 1896.302734
213 184 -5833.611816
213 213 79653.828125
214 171 590.597717
214 176 315.975708
214 178 -2319.250977
214 214 4332.491211
215 210 -125.681145
215 215 125.681145
216 165 1226.241821
216 170 322.210632
216 174 -5610.849121
216 189 -5694.423828
216 194 -9747.804688
216 206 -1510.723389
216 216 21941.431641
217 171 -22223.273438
217 176 271.069702
217 178 -22899.126953
217 210 -2905644.000000
217 214 -91837.953125
217 217 3039394.750000
218 166 -76803.757812
218 186 -16645.679688
218 201 -6514.603027
218 210 -52116.824219
218 216 -11863.994141
218 218 191652.562500
219 157 -5807.084961
219 219 22796.230469
220 192 -1481.515625
220 219 -8697.515625
220 220 10179.033203
221 182 -97.917824
221 205 -134.723816
222 161 -431.327789
222 172 -444.360077
222 182 16.281237
222 205 22.401133
222 221 -288.006012
223 162 -688.866943
223 223 2984.125732
224 207 -214.854706
225 161 124.156670
225 172 127.907974
225 221 -24.234161
225 222 -783.133301
225 225 890.269226
226 57 3210.274414
226 63 2189.237549
226 64 -11995.855469
226 66 -11991.322266
226 153 1258.494873
226 158 -4637.052734
226 181 844.822937
226 182 1092.705078
226 183 -20567.937500
226 226 27404.417969
227 163 -3403.392578
227 227 7355.718750
228 227 -4489.735840
228 228 9492.072266
229 227 1273.009644
229 228 -3454.463623
229 229 763.102478
230 157 1012.145813
230 219 -4665.789551
230 230 692.520813
231 227 587.792664
231 228 -1640.721191
232 162 -269.217163
232 223 -5709.744141
232 227 505.295380
232 228 -1724.008057
232 231 -1499.349243
232 232 6603.958984
233 160 -691.688721
233 161 234.176697
233 172 241.252182
233 221 156.364365
233 222 -3013.296631
233 233 3704.985352
234 234 851.234314
236 234 -1313.448242
236 236 8142.157227
240 240 62.689274
241 241 8340648.500000
242 241 -58294.781250
242 242 99093.882812
243 235 -213.117386
243 243 213.117386
244 241 10582.011719
244 242 -24759.109375
245 241 13419.216797
245 242 -29763.025391
245 245 9204.089844
246 241 -267961.656250
246 246 12803.397461
247 247 339621.250000
248 247 -293405.062500
248 248 252836.406250
249 249 2777778.750000
252 92 12531.324219
254 254 147280.875000
255 247 -284455.125000
255 248 -211687.500000
255 254 -189636.718750
257 241 -284555.843750
257 250 -17146.777344
257 257 34293.558594
258 142 -6434.305664
258 247 9827.043945
258 248 7313.147949
258 254 6551.361328
258 258 68564.687500
259 240 -227.806213
259 259 434.900604
260 255 -13740.295898
260 260 36477.218750
261 142 2763.040283
261 258 -50368.218750
261 261 17167.185547
262 84 169.967987
263 247 16711.232422
263 248 12436.263672
263 250 -10410.715820
263 254 11140.819336
263 255 -7070.379883
263 263 17481.095703
264 82 1191.281006
264 83 4128.405273
264 92 1207.073364
265 265 1035458.875000
266 241 -387028.625000
266 266 60966.328125
267 86 -53650.500000
267 251 -78612.882812
268 84 125.533501
269 86 -135030.875000
269 269 236304.015625
270 95 384.877350
270 97 206.685226
270 235 -4634402.000000
270 238 -340387.312500
270 262 1410.545410
270 268 -133403.546875
271 92 6286.342773
272 235 -649.703491
272 242 3505.696777
272 244 -4328.699219
272 272 4978.403320
274 274 367309.468750
275 235 25542.779297
275 238 1876.064941
275 241 -352.315186
275 268 688.158630
275 275 687.082031
276 262 -66406.250000
276 265 -2080074.750000
276 276 1128906.250000
278 240 102.427628
278 259 -626.271118
279 235 16515.275391
279 238 1213.013184
279 241 -92953.070312
279 268 444.944916
279 279 1600.293579
280 235 58651.019531
280 238 4307.797363
280 268 1580.141479
280 280 859.985535
281 239 -7.054560
281 281 7.054560
282 86 13737.206055
282 249 -5797103.000000
282 251 20128.822266
282 267 -262549.812500
282 282 3281872.750000
283 86 -29812.015625
283 283 46073.121094
284 86 65218.175781
284 251 10766.581055
284 267 -22159.123047
284 269 -160825.765625
284 284 81711.757812
285 254 -113362.640625
285 277 -22816.964844
285 285 68851.195312
286 234 118.053848
286 236 -797.601013
286 286 65.776970
287 287 360.063171
288 92 6224.711426
289 241 -158201.953125
289 250 -627157.625000
289 255 8564.576172
289 260 -649894.562500
289 277 -26340624.000000
289 289 27753142.000000
290 290 2741.153076
291 86 -46297.292969
291 241 -787053.937500
291 288 -58662.406250
291 291 892013.625000
292 86 10521.887695
292 92 3033.061035
292 93 -29966.183594
292 241 -784115.000000
292 283 -87544.289062
292 292 885364.312500
293 92 3648.968750
294 92 3648.968750
297 296 -11962.797852
297 297 14026.068359
298 235 -959.406494
298 242 1701.027588
298 245 -4004.220459
298 295 -2859.839844
298 298 5571.402832
299 235 -559.836609
299 241 -38931.906250
299 296 1759.757568
299 297 -2822.072754
299 299 1897.063354
300 84 595.752136
301 268 -10390.169922
303 273 -1020408.750000
303 303 2040818.000000
305 304 -120851.656250
305 305 210897.984375
306 306 1434.802856
307 234 -2445.213379
307 241 15241.582031
307 266 -47529.671875
307 307 19065.175781
308 308 6609.823242
309 237 -5875.002441
309 259 189.131683
309 278 -1232.547852
309 309 7107.550293
310 241 1085.908447
310 246 -4184.500000
310 252 -1337.170532
310 310 3866.159912
311 264 -76874.351562
311 311 40218.093750
312 273 510204.250000
312 274 -576107.437500
312 303 -1945476.000000
313 252 -18261.496094
313 313 18261.496094
314 262 -30004.039062
314 268 5824.790039
314 301 -14737.299805
314 314 29224.824219
315 86 -422199.500000
315 273 -469110.593750
315 274 84175.093750
315 303 198412.750000
315 304 -300233.250000
315 305 -421183.125000
315 312 -469110.593750
317 250 -9027775.000000
317 317 117361040.000000
318 82 550.594971
318 83 1908.096680
318 94 -18794.464844
318 145 -2508.493652
318 235 68728.523438
318 238 5047.969238
318 268 1851.643677
319 86 31250.000000
319 273 34722.226562
319 304 26041.662109
319 305 24509.800781
319 312 34722.226562
320 235 32733.218750
320 238 2404.187988
320 268 881.879272
320 270 -267.865906
320 320 267.865906
321 241 -14968.202148
321 256 -13640.377930
321 321 28608.576172
322 92 3062.318115
322 93 -3460.678223
322 306 -4076.784424
322 316 -4046.132080
322 322 11583.591797
323 92 3318.400146
323 93 -5135.678711
323 308 -11983.252930
323 315 -4606.062500
323 323 21724.990234
324 92 2289.377197
324 93 -1247.442627
324 324 2692.947754
325 82 378.336395
325 83 1311.131592
325 92 1372.306641
325 93 -1704.754761
325 94 -8996.958008
325 324 -3295.542725
325 325 13997.255859
326 92 1571.585693
327 142 1738.041870
327 241 -15172.402344
327 258 -34820.925781
327 327 28876.507812
328 328 100000000.000000
329 304 -1836547.250000
329 319 -2244668.500000
329 329 4081216.250000
332 332 2.777779
333 333 6.806474
334 334 2.091298
335 330 -72.927216
336 331 -192.310501
337 331 191.534195
337 332 -434.862244
337 335 -7267.890625
337 336 -56721.148438
338 332 6.400411
338 335 106.970627
338 336 834.836060
338 338 364.204803
339 337 -75.947784
340 337 -310.341248
340 338 -1201.008667
340 339 -910.091797
341 337 50.350277
341 338 123.632607
341 339 123.632607
341 340 -169.356766
342 337 92.475510
342 338 227.069031
342 339 227.069031
342 340 -890.276733
342 341 -852.118652
343 340 84.538765
343 341 72.482346
344 340 159.568573
344 341 136.811859
344 344 789.816833
345 345 709.550049
346 343 -970.844727
346 344 -2271.736572
346 345 -2895.932861
347 343 133.376038
347 344 244.947937
347 345 315.796265
348 347 -3202.261963
348 348 6256.156738
349 347 1563.159424
349 348 -6281.146484
349 349 6986.589844
350 333 -73.902672
350 334 -40.964436
350 349 -687.545959
350 350 802.413269
351 351 54.385181
352 352 222.384460
353 352 -169.054749
358 358 2204.148438
363 352 20.188269
363 353 -368.939087
364 353 34.920345
364 363 -83.706596
364 364 83.706596
365 353 34.920345
365 363 -83.706596
365 365 83.706596
366 142 -634.369629
366 237 -167.674744
366 351 -363.149048
366 366 1752.961426
367 111 -2236.765625
367 343 174.717621
367 344 320.872620
367 345 413.681274
367 346 -5670.323242
367 367 94452.710938
368 111 -118.174744
368 346 1921.894409
368 367 -43679.492188
368 368 12542.074219
369 369 5327.934082
370 110 -525.246033
370 112 -2948.807373
370 340 274.828888
370 341 235.634445
370 342 -740.867737
370 370 1612.427246
371 369 -22821.320312
371 371 57436.625000
372 111 1213.003540
372 346 3075.030762
372 367 -106777.507812
372 369 12165.452148
372 371 -95498.804688
372 372 111111.093750
373 353 34.920345
373 363 -83.706596
373 373 83.706596
374 353 34.920345
374 363 -83.706596
374 374 83.706596
375 355 -264.193573
376 376 4.077920
377 355 4.371912
377 377 4.077920
378 355 4.371912
378 378 4.077920
379 355 4.242547
379 379 3.840158
380 380 3.840158
381 381 3.840158
382 353 -112.330742
382 354 -87.677864
382 382 200.008606
383 354 -1919.505859
383 356 -450.381226
384 383 -66.313705
384 384 66.313705
385 383 -64.515083
385 385 64.515083
386 354 375.891724
386 356 88.196960
386 383 -272.304443
386 386 272.304443
387 354 375.891724
387 356 88.196960
387 383 -272.304443
387 387 272.304443
388 353 133.454315
388 363 -3288.091064
389 363 803.793945
389 375 -13630.538086
389 388 -2961.117676
389 389 16591.654297
390 363 247.452438
390 388 -50.085922
390 390 50.085922
391 388 -50.085922
391 391 50.085922
392 383 -72.532310
392 392 108.485558
393 393 1040.582520
394 357 -11.493865
394 394 406.528046
395 357 -579.406860
395 363 -3871.465088
395 388 -3724.679688
395 392 -2712.832520
395 394 -15397.875977
398 356 -697.910034
398 398 7154.909668
399 399 6009.253906
401 388 -274.103485
402 402 64.618858
403 362 -121.827065
403 403 121.827065
404 355 4.565524
404 375 -11.904014
404 404 31.864706
405 357 7.901880
405 363 324.688385
405 388 -93.014786
405 392 36.997276
405 394 209.994354
405 405 342.033936
406 357 349.297760
406 363 2333.928467
406 388 2245.438232
406 392 1635.442017
406 394 9282.671875
407 363 -1076.322510
407 395 -8932.518555
407 407 10008.841797
408 352 -8.609958
408 408 8.609958
409 352 -68.394844
409 404 -36.156403
409 409 104.551239
411 15 -18491068.000000
411 410 -117418304.000000
412 11 41.561974
412 38 -625.841187
412 410 -8958.010742
413 14 -320.842926
413 39 1.777287
413 99 -59.213657
413 413 613.506836
418 418 1541.210327
419 418 -88.165924
419 419 88.165924
421 420 -1502.313477
421 421 1502.313477
422 420 -133.649551
422 422 133.649551
423 423 368401.500000
424 424 86090.078125
425 53 170068.062500
426 425 -39426.839844
427 423 18730.099609
427 425 -33508.269531
427 427 1266.447998
429 429 625.000000
430 428 -1371.742432
430 430 1371.742432
431 428 -42588.285156
431 431 121957.398438
432 415 -79369.085938
432 428 -42588.285156
432 432 121957.398438
433 79 8821.453125
433 414 -55231.960938
433 415 -55231.960938
433 416 -55231.960938
433 417 -88446.851562
434 414 2940.484375
434 415 2940.484375
434 416 2940.484375
434 417 2940.484375
434 434 1027.284668
435 435 7002.678223
437 426 -249193.312500
438 438 2085.027588
439 426 2828.534424
439 439 484.906799
440 439 -370.658691
440 440 124.728470
441 426 5509.641602
441 441 2062.082520
442 441 -1108.154297
442 442 1108.154297
444 444 1751729.125000
445 53 263605.531250
446 445 -2183.596680
446 446 2183.596680
447 53 210084.093750
447 74 7534.662109
447 80 -312936.500000
448 80 10653.034180
448 81 -28326.037109
448 448 31845.828125
449 447 -152465.375000
450 80 11774.403320
450 81 -385404.562500
450 449 -4393612.000000
451 450 -456.570892
451 451 456.570892
452 74 5024.698730
452 80 -64428.105469
453 452 -1467.975708
453 453 1467.975708
455 79 13574.048828
455 454 -16161.907227
455 455 1293.929321
456 456 11145.594727
457 456 -589.122192
457 457 589.122192
458 437 -39278.398438
458 444 -1654602.500000
459 458 -349.375519
459 459 349.375519
460 439 -239.283401
460 458 -1308.486084
460 460 2671.361084
461 460 -472.589783
461 461 472.589783
462 416 -109552.921875
462 417 -109552.921875
462 462 243037.359375
463 462 -2356.489746
463 463 2356.489746
464 80 1256.818115
466 424 -88092.023438
466 425 -62732.203125
466 466 171422.843750
467 466 -2475.185791
467 467 2475.185791
469 469 100000000.000000
470 420 -4629631.000000
470 443 -3086419.750000
470 470 7716051.000000
472 472 608.660645
473 400 -100040896.000000
474 357 18.293940
474 359 -1283.811890
474 363 -265.174500
474 388 117.601410
474 392 85.653786
474 393 -1115.992065
474 394 486.165833
474 395 -1716.911255
474 400 40950.039062
474 473 -283.339539
474 474 4787.465332
475 3 -278.431946
475 475 1020.628784
476 15 77007.492188
476 410 488997.625000
476 476 6603.548828
477 15 107675.484375
477 410 683739.375000
477 411 -15641.146484
477 477 52330.632812
478 38 18.226210
478 103 -101959296.000000
478 410 260.881775
478 411 10966.147461
478 477 -1671962.750000
479 358 -5585.582520
479 393 -2439.208740
480 358 423.721649
480 361 -254512.609375
480 393 145.568863
480 480 259106.656250
482 476 -3595.553467
482 482 12343.788086
483 476 2548.225342
483 482 -802349.875000
483 483 101581008.000000
486 44 -101013000.000000
486 411 -502552.187500
487 487 32.991524
488 488 32.991524
489 489 48.561954
491 481 -120.248161
491 485 -345.254059
491 487 -271.754211
491 488 -271.754211
492 471 -22516.298828
492 481 -34492.292969
492 485 140.476089
492 487 97.147156
492 488 97.147156
492 489 -69990.296875
492 490 -71030.710938
492 491 -169752.906250
494 494 14872.095703
495 495 2143.347412
496 496 91827.367188
498 498 403.219269
500 500 1550.003174
504 121 -9998.897461
504 130 3169.371338
504 156 10656.434570
504 184 1519.830933
504 213 -35162.390625
504 504 38407.531250
505 494 -35673.871094
505 504 -20894.699219
505 505 85571.335938
506 48 -101550400.000000
506 443 -1574425.250000
506 506 103124840.000000
507 501 -17192.312500
507 503 -12691.323242
509 501 3084.325439
509 503 2276.841553
510 414 16680.568359
510 415 16680.568359
510 416 16680.568359
510 417 16680.568359
510 435 -228463.156250
510 510 7003713.000000
511 511 887.360046
512 512 9802.960938
513 495 -8579.018555
513 503 -10294.823242
513 513 34338.609375
514 513 -265.708344
514 514 802.277893
515 509 -56871.312500
516 423 -69650.906250
516 424 -93313.093750
516 443 -246763.250000
516 509 34435.265625
516 516 745928.187500
517 515 -284.696136
517 517 757.907532
518 515 -330.578583
518 518 330.578583
519 425 597.800110
519 426 -756.451904
520 435 199242.828125
520 509 -647156.562500
520 510 -12772642.000000
520 512 -278917.625000
520 520 7387840.000000
521 494 5060.215332
521 496 -157706.968750
521 501 -14736.540039
521 503 1676.502319
521 504 2963.840820
521 505 -33732.726562
521 521 270850.500000
522 496 31565.667969
522 497 -27135.302734
522 501 5739.061523
522 503 1723.632935
522 505 4322.269043
522 507 -10461.798828
522 521 -81347.093750
522 522 67859.632812
523 498 -4970.419434
523 522 -2971.510986
525 525 6200.012695
526 494 2147.027832
526 504 1257.545044
526 505 -6413.209961
526 526 5147.287598
527 505 377.803284
527 526 -4752.843750
529 529 38446.738281
531 501 -8686.731445
531 505 575.347473
531 526 -9015.778320
533 524 -25195.275391
533 533 25195.275391
534 436 -15899.559570
534 501 3199.488037
534 509 -389957.562500
534 526 2457.123535
534 531 -55708.226562
534 534 548961.500000
535 436 460.498566
535 509 11294.332031
535 531 1613.476074
535 534 -16703.957031
536 436 1212.385986
536 501 -29912.587891
536 509 36400.250000
536 515 -56327.335938
536 531 4247.908691
536 534 -81320.820312
537 447 -441205.687500
537 537 818068.937500
538 501 905.423889
538 515 1704.971680
538 534 1194.443604
539 501 778.664612
539 515 1466.275757
539 534 1027.221558
539 539 330.578583
540 513 -7076.541016
542 436 858.369202
542 501 2676.659424
542 509 21052.632812
542 515 5040.322266
542 531 3007.519043
542 534 -36384.414062
542 536 -16060.487305
543 469 -200751008.000000
543 534 1716.738403
543 536 2682.403809
543 541 -141009.078125
543 543 101507632.000000
544 468 -100181800.000000
544 469 181818.203125
544 541 254.469116
544 543 -365332.375000
544 544 100363928.000000
545 418 -2159.264404
545 464 -1515.558960
545 542 -1551.334229
545 545 5226.157715
546 125 -19009.009766
546 534 3603.604004
546 536 5630.631348
546 542 -17125.236328
546 546 36134.246094
547 507 -2657.383789
547 509 4890.214844
547 515 -5267.594727
547 547 7924.978027
548 548 63.088261
549 549 72.802246
551 548 -584.352600
552 548 139.103500
552 552 1232.181274
553 34 -895.782837
553 503 -1566.587769
553 553 4622.629395
555 551 -909.133850
556 551 251.705338
557 551 132.988663
558 552 -311.175598
558 557 -1710.435303
560 552 -292.240814
560 560 401.911072
561 553 -5364.513672
561 561 40253.519531
562 553 3613.238281
562 561 -46517.312500
562 562 20619.638672
563 1 -8633.921875
563 2 -182.466309
563 549 -344.477753
563 561 1143.275146
563 562 -1484.228516
563 563 1013.809143
564 414 1943.710083
564 415 1943.710083
564 416 1943.710083
564 417 1943.710083
564 433 -2403.394043
564 456 -17805.929688
564 551 169.549576
564 564 12868.678711
565 565 25.175919
566 11 -1432.154053
566 548 196.118835
566 550 -4246.742188
566 551 -2852.213379
566 553 1036.355469
566 555 -894.883179
566 561 -12434.712891
566 566 14443.905273
567 11 41.126411
567 550 149.537384
567 551 104.491562
567 555 31.510857
567 561 164.027435
567 563 -42.789913
567 565 -88.577118
567 566 -562.076355
567 567 159.664963
568 525 -19117.722656
570 570 216.262909
571 571 130.612213
572 572 220.785126
574 574 8734.386719
575 575 160000.000000
578 505 -986.755066
579 559 -758.186096
579 570 -1458.349976
580 559 26.171024
580 570 42.874287
580 580 280.452301
581 575 -331059.593750
581 581 182883.656250
582 498 3937.317139
582 522 2353.881836
582 576 -2788.202637
582 582 43845.847656
585 584 -5565.397461
587 580 -924.291504
591 589 -96.355225
593 593 111.037003
594 594 4056.960205
595 588 -47.979446
595 590 -41.723091
595 595 89.702545
597 586 -31.254490
597 588 -60.811214
597 597 151.641251
598 598 198.373413
600 594 -26106.650391
601 591 -234.034042
601 594 299.878876
601 600 -112.609604
602 591 51.336498
602 600 24.701460
602 601 -53.499954
602 602 103.980644
603 596 -319.338104
604 593 -324.552002
604 596 31.415119
604 603 -149.008118
605 603 -343.093323
606 606 14.016908
607 502 -3443.674072
607 596 -1109.669434
607 603 222.863968
607 605 -2099.800537
607 607 10672.998047
609 502 -223.929581
610 606 -182.104431
610 608 -1847.579224
610 610 2015.666870
611 592 -146.420181
611 611 374.683777
612 593 82.646347
612 603 37.944538
612 612 61.514793
613 502 -1675.846924
613 584 1553.132446
613 613 3762.106201
614 580 538.181396
614 587 -1514.027832
614 614 1514.027832
615 592 89.201576
615 604 -146.883621
615 611 -456.729828
615 615 375.349915
616 590 -54.385181
616 616 54.385181
617 617 2603.082031
618 618 760.289062
619 619 32558.087891
620 619 -937.642334
620 620 50.266167
621 621 18840.498047
622 622 155.419098
624 621 -9715.860352
625 622 -315.847015
625 625 293.373169
626 626 72.323654
627 627 250.360687
628 628 1857.956421
629 618 -51994.027344
631 628 -1300.790405
631 630 -232.228882
631 631 1533.019287
632 620 -22.333582
633 601 -17.462828
633 633 17.462828
634 626 -70.107262
634 634 155.203262
635 625 -120.645515
635 626 -78.228775
635 630 -81.252129
635 635 349.240967
636 625 32.327381
636 626 14.405958
636 630 21.771788
636 635 -133.838974
636 636 64.636002
637 618 50454.101562
637 637 25000000.000000
638 624 -530.909302
638 638 530.909302
639 618 -1751.327148
639 627 -1585.062256
639 639 10035.211914
640 602 -24.507399
640 640 24.507399
641 622 -6.388886
641 632 -6.288458
641 641 12.677344
642 623 -144.219467
642 628 -603.068176
642 642 321.358673
643 629 -13211.777344
643 643 13211.777344
646 646 1241.585693
647 647 17538.603516
648 648 7666.666504
649 649 8011.136230
650 645 -1173.158203
650 650 1914.832642
651 651 1283.970337
652 644 -227353.187500
653 644 246.694305
653 650 -542.272827
656 656 16.324863
657 655 -15175.160156
659 584 150.501328
659 585 -216.862122
662 644 -2916.051270
663 532 -155009.406250
663 652 -11264016.000000
663 663 11419027.000000
664 646 -1831.511963
665 655 -85022.523438
666 644 5393.743652
666 652 -60524.582031
666 666 388631.562500
667 667 30.189585
668 532 -14051.981445
668 652 -35241.484375
668 668 49293.457031
670 651 -1588.731445
671 658 -24311.886719
671 671 34140.101562
672 532 -8040.921875
672 649 -24798.201172
672 658 -103325.859375
672 662 -36043.894531
672 672 384344.218750
673 532 -1555.968018
673 649 970.873535
673 658 4045.307373
673 662 1411.153320
673 672 -16432.369141
673 673 3255.698730
675 674 -114014.429688
675 675 124923.218750
676 644 1030.715576
676 652 -3198.497803
677 532 -26709.218750
677 585 205.998688
677 654 -37669.574219
677 659 -59094.140625
677 661 -472753.125000
678 532 122.819954
678 648 -4761.253418
678 654 173.220169
678 656 -312.580627
678 659 271.739136
678 661 2173.913086
678 677 -318.796967
678 678 5376.306641
679 671 -6375.436035
679 679 14365.988281
680 680 10723.472656
681 652 51098.621094
681 666 -1189910.625000
681 681 2681167.250000
682 532 1525.901611
682 649 4705.879883
682 658 19607.837891
682 662 6839.941406
682 665 -18715.066406
682 672 -97375.507812
682 682 43154.742188
683 683 2.493339
684 684 3.698225
685 685 3.114918
686 112 -180077.718750
687 112 5242.466309
687 686 -336.672241
687 687 336.672241
688 686 -1741.014771
689 683 -15.548555
689 684 -22.634565
689 686 107.810059
689 689 96.961380
690 112 74204.914062
690 113 -101789200.000000
690 690 103610408.000000
691 113 49900.199219
691 685 -17724.394531
691 690 -100897.203125
692 685 17649.128906
692 690 49900.199219
692 691 -100000000.000000
692 692 100000000.000000
693 683 3.055992
693 684 3.721844
693 689 -88.856094
693 693 1300.687744
694 113 1612903.000000
694 690 -1672075.750000
694 694 35325.769531
695 689 66.053200
695 690 2959.456055
695 691 -2955.904297
695 693 -4186.792969
695 694 -5037.791016
695 695 7500.947266
696 95 2404.134521
696 265 1246.431885
696 300 -13710.423828
696 696 5029.927734
697 113 126422.296875
697 690 -128980.750000
698 697 -116.873611
698 698 116.873611
699 366 -416.188568
699 686 93.641823
699 688 -103.927612
699 699 736.335388
700 366 122.210533
700 688 -82.629662
700 699 -338.472229
700 700 235.400284
701 111 -100000000.000000
701 701 100000000.000000
702 237 -1421.065308
702 686 558.216492
702 688 -1159.887695
702 702 2580.953125
703 145 -200220096.000000
703 703 100000000.000000
704 318 -209.196381
704 704 435.882538
705 96 -100000000.000000
705 705 100000000.000000
706 706 122.096306
707 471 -28774.546875
707 481 34415.121094
707 489 69686.406250
707 490 70771.406250
707 491 169133.203125
707 492 -100676200.000000
707 493 -113119.375000
707 706 -111366.476562
707 707 101356976.000000
708 103 206749.500000
708 471 -2033.749634
708 477 3315.949707
708 478 -1631.449463
709 412 -28.717501
709 471 836.632629
709 478 644.359802
709 484 -475.560669
709 708 -1441.847046
709 709 1972.901733
710 34 66.340538
710 35 -100173200.000000
710 475 -123062.882812
710 503 116.019485
710 553 -50782.027344
710 710 100346704.000000
711 36 -200241504.000000
713 713 119.442162
714 362 -1168.503906
714 401 -1191.656006
714 712 -1102.957275
714 713 -1236.863770
714 714 10453.856445
715 360 -266.771729
715 362 286.645782
715 401 292.325256
715 712 270.566528
715 713 274.114807
715 714 -3395.463379
715 715 1097.798950
716 397 -132335.843750
717 396 -1824.654541
717 397 -113915.218750
717 406 -1203.595215
717 716 -1574.075317
717 717 120139.453125
718 718 210.650101
721 721 210.650101
722 722 210.650101
723 723 210.650101
724 3 95.406227
724 8 -4078.311523
724 36 117096.007812
724 38 70.516724
724 410 1009.344788
724 412 -1973.707520
724 475 -2066.320801
724 718 -2486.573486
724 719 -2275.923340
724 720 -2275.923340
724 721 -2486.573486
724 722 -2486.573486
724 723 -2486.573486
725 8 58.841190
725 31 37.820072
725 32 37.820072
725 33 23.423412
725 100 -1346.961914
725 412 28.476318
725 475 24.766771
725 718 32.836639
725 719 32.836639
725 720 32.836639
725 721 32.836639
725 722 32.836639
725 723 32.836639
725 724 -85.632668
725 725 1432.594360
726 479 -228.106934
726 707 -1822.101807
726 726 2050.208496
728 727 -32.735001
728 728 518.807190
730 729 -11.373098
731 410 -16091.694336
731 486 -11015.344727
731 727 -4529.673828
731 728 -5046.415527
731 729 -4698.990234
731 730 -4728.871582
731 731 45666.703125
732 100 -5.612668
732 732 5.612668
733 481 -144.542480
733 484 -112.410660
733 733 256.953217
734 8 161.639542
734 36 124378.101562
734 362 273.738251
734 401 279.161987
734 412 78.225800
734 475 68.035492
734 491 -87.775505
734 711 -554.404785
734 712 258.383057
734 713 261.771545
734 714 -3516.605469
734 718 90.203804
734 719 90.203804
734 720 90.203804
734 721 90.203804
734 722 90.203804
734 723 90.203804
734 724 -277.030182
734 734 1986.854858
735 735 14.058983
738 738 637.690247
739 739 44.444450
740 135 -101191296.000000
742 132 -2080.340088
742 135 94161.960938
742 736 -491.659241
742 738 -3091.020508
743 132 771.073425
743 143 -136.211014
743 161 -389.534424
743 172 13.005857
743 221 8.429571
743 222 -173.871719
743 735 -258.339905
743 736 182.232407
743 737 -678.643188
743 738 909.321350
743 742 -2345.984375
744 135 806451.562500
744 739 -848.745850
744 740 -9729.451172
744 744 14555.264648
745 143 -100045304.000000
745 745 100090624.000000
746 143 45318.828125
746 161 24.950848
746 222 10.787396
746 735 15.155744
746 737 42.104565
746 742 145.550201
746 743 -34.652687
746 745 -45369.750000
746 746 73.497620
749 741 -3297.758789
749 749 11987.097656
750 750 1307.097900
751 750 -84.633224
751 751 84.633224
753 741 2390.514404
753 749 -14988.150391
753 753 6298.816406
755 160 94.256210
755 172 -953.567627
756 739 222.222275
756 740 2688.172363
756 744 -6059.833008
756 756 3739.291992
757 744 927.213867
757 748 -2035.872803
757 752 -1028.323242
757 756 -4504.184570
757 757 10155.742188
758 747 -4565.376953
758 758 4565.376953
759 741 -245.886230
759 750 -1895.078491
759 759 1166.468262
760 760 38.916428
761 137 -221.720673
761 760 -208.215317
761 761 736.504211
762 752 -34.381824
762 762 72.587288
763 762 -20.108990
763 763 20.108990
764 755 -625.000000
764 764 625.000000
765 754 -3501.278320
765 765 3501.278320
766 137 38.646805
766 760 29.509476
766 761 -161.752899
766 766 49.786446
767 137 65.359474
767 760 49.906425
767 761 -281.108887
767 767 64.000000
768 766 -20.644209
769 768 -9.182736
769 769 9.182736
770 498 73.811142
770 522 44.127186
770 770 100073608.000000
771 771 22.041487
772 768 -28.929447
772 771 -60.614082
772 772 67.502037
773 773 1761.736206
774 773 -84.477722
774 774 84.477722
775 775 7738.884766
776 571 -1661.874023
776 575 3862.868164
776 581 -5534.166504
776 775 -18522.613281
778 778 756.817139
779 498 232.950394
779 522 139.266846
779 523 -610.613464
779 778 -2204.818604
780 523 41.108894
780 530 -290.589264
780 578 -798.582092
780 583 -702.794128
780 778 97.485146
780 779 -191.014557
780 780 2905.674561
781 508 -774.453491
781 571 80.767281
781 581 68.248558
781 775 244.637756
781 781 1350.401611
782 559 183.947937
782 570 301.349945
782 579 -6373.122070
782 594 17692.855469
782 600 -86391.226562
783 559 70.515800
783 570 115.521454
783 572 -747.578003
783 579 -17.458923
783 600 3538.569580
783 782 -451.632477
783 783 1256.926514
784 576 -260.738190
785 569 -1707.710083
786 786 1679349.000000
787 779 -187.608597
788 569 337.484344
790 513 105.878799
790 514 -1087.081665
791 790 -1082.063965
791 791 1082.063965
792 792 332.509064
795 513 71.828972
795 514 -927.236694
795 525 6200.012695
795 568 -10068.409180
795 773 -1030.593628
795 777 -741.268311
795 790 -3044.494873
795 794 -741.268311
795 795 16350.429688
796 569 119.312668
796 571 28.707788
796 573 -1486.630737
796 581 -352.280609
796 630 -1412.103027
796 775 199.359680
796 776 -201.653000
796 788 -737.849731
796 796 6444.565918
797 530 -501.784424
797 569 221.027100
797 571 39.259949
797 575 2971.768066
797 578 37.629692
797 581 -3941.734863
797 583 33.116104
797 775 272.638580
797 776 -368.855774
797 779 9.000726
797 780 -409.647461
797 785 -1181.880615
798 530 23.131769
798 581 35.797531
798 776 16.552210
798 780 12.238627
798 785 53.036278
798 798 117.088638
799 581 -222.485901
799 792 -385.838623
799 796 -827.278381
799 799 1435.602905
800 540 -1088.880249
800 777 -742.925537
800 794 -742.925537
800 800 2574.731201
801 773 -268.885162
801 801 31.883265
802 523 -41056.929688
802 569 91.191284
802 576 152.004822
802 773 -145603.296875
802 784 -146452.343750
802 785 -45625.023438
802 802 100934776.000000
803 530 -67468.960938
803 581 33.511143
803 583 -2230.666260
803 776 15.495021
803 780 11.456946
803 785 49.648849
804 530 10570.821289
804 583 349.381561
804 803 -2066.115234
804 804 2066.115234
805 797 -2570.233398
805 805 18626.626953
807 807 16.524559
808 808 177.777695
810 75 -182.614334
811 810 -692.520813
811 811 692.520813
812 812 250000.000000
815 814 -12624.678711
815 815 12624.678711
817 816 -6656.014648
818 817 -2770.083252
818 818 2770.083252
819 528 -28619.548828
819 819 115989.695312
820 819 -54083.273438
820 820 54083.273438
821 806 -740.161133
822 822 17837.070312
823 770 -100000000.000000
823 823 100000000.000000
824 824 100000000.000000
825 793 -200000000.000000
825 824 -300000000.000000
825 825 400000000.000000
826 143 -100000000.000000
826 826 100000000.000000
827 144 -100000000.000000
827 827 100000000.000000
828 828 158.563751
829 140 -711.048340
830 140 -502.313599
830 830 1278.637573
831 831 465.119080
833 140 352.984192
833 829 -245.242767
833 830 -738.996460
837 828 -11.559680
837 837 11.559680
838 828 -111.632248
839 140 181.715149
839 829 -95.149681
839 839 95.149681
840 140 134.291946
840 830 -433.229462
840 840 91.389763
841 831 -106.130577
841 841 106.130577
842 842 43.022320
843 829 30.580292
843 830 37.970844
843 833 -9.765625
843 843 9.765625
844 844 96.358482
845 835 -2.643928
845 845 2.643928
846 836 -46.322289
846 846 46.322289
847 847 43.506897
848 847 -95.413101
848 848 209.246353
852 852 8.652428
853 853 26.194168
854 854 9.921252
855 850 -42.328110
855 855 42.328110
856 851 -0.648271
856 856 0.648271
857 852 -2.863023
857 857 2.863023
858 851 -3.773908
859 828 30.455307
859 859 44.444450
860 828 2.782662
860 838 -0.866256
861 838 0.495223
861 860 -0.660982
861 861 0.660982
862 835 -9798.901367
862 862 10345.453125
863 835 517.673889
863 862 -603.341614
864 849 -61.591362
865 864 -437.667297
865 865 437.667297
866 866 5162.593262
867 867 26.377665
868 868 6383.356934
869 831 -2760.259277
869 832 -4477.205078
869 836 -1528.141602
869 849 6.858661
869 852 -306.162842
869 862 15.281128
869 863 -696.842041
869 864 -714.603333
869 866 -21267.699219
869 868 -22104.312500
870 869 -5298.551758
871 868 -100.314011
871 869 476.324310
871 870 -100.598785
871 871 200.912766
872 872 11.830202
873 847 51.906170
873 848 -264.668274
873 850 -48.184643
873 851 2.427344
873 858 -40.094074
873 873 367.388062
874 828 -303.993774
874 834 -3683.093262
876 853 -1189.381592
876 875 -52816.085938
876 876 54005.480469
877 138 -8628.678711
877 866 -682.609802
877 868 -690.459534
877 870 -682.609802
877 877 20764.496094
878 138 3260.563477
878 828 23.567570
878 834 285.537262
878 866 257.941284
878 867 -332.212677
878 868 260.907532
878 870 257.941284
878 874 -329.684875
878 877 -11368.531250
878 878 4184.042480
880 822 -6009.253906
880 880 6009.253906
881 881 242.093674
882 138 -27033.390625
882 848 52.664349
882 850 16.823755
882 858 13.998919
882 872 -732.436646
882 873 -1530.373779
882 875 -8704.141602
882 879 -2773.846924
882 881 -3501.914795
882 882 43893.894531
883 877 -240.295563
883 883 240.295563
885 535 -1074.843140
885 822 -5144.250000
887 807 -125.020905
887 887 945.878662
888 821 -784.539246
888 888 1191.611694
889 889 277008.312500
891 891 3086.420410
893 893 6200.012695
895 579 -8852.879883
895 886 -6445.928711
896 887 -779.006226
896 896 2385.707031
897 808 -3235.520508
897 821 -27892.416016
897 887 -2606.489014
897 896 -7982.372559
897 897 58885.863281
899 899 43386.804688
900 899 -1303.288086
900 900 1303.288086
903 556 -456.269287
905 905 65746.250000
906 902 -245486.031250
907 817 -2306.643555
908 532 -2763.429688
908 899 -42624.628906
909 554 -209210.812500
909 812 -720724.375000
909 814 -21792.796875
909 909 886325.812500
910 909 -38446.738281
910 910 38446.738281
911 911 17313.007812
912 532 -3577.477051
912 911 -25465.978516
912 912 37458.312500
913 897 -3508.746826
913 901 -704.796997
913 913 4213.544434
914 499 -4341.318359
914 511 -1429.298950
914 535 151.042801
914 822 241.668518
914 885 -1706.248901
914 898 -3952.685547
915 915 10628.125000
916 916 6718.624512
917 532 105.484367
917 889 -397349.281250
917 890 -17236.613281
917 897 -2976.986084
917 899 798.824463
917 908 -5789.598633
917 917 569970.062500
918 75 -701.301147
918 532 -1496.349609
918 535 77.606010
918 810 -2026.388184
918 814 -3150.636230
918 822 124.169640
918 885 -1127.515747
918 889 63795.839844
918 890 2767.399658
918 897 477.965729
918 908 929.540710
918 917 -119732.781250
918 918 54210.742188
919 918 -3677.524414
919 919 4882.230957
920 809 -12624.678711
920 920 12624.678711
921 821 -756.430786
921 921 15239.779297
922 902 7054.672363
923 821 140.860962
923 907 -787.587463
923 921 -3799.320312
923 923 1748.987671
924 821 446.133789
924 888 -1347.788086
924 921 -5907.623535
924 924 6363.687988
925 888 458.850250
925 921 1131.119629
925 924 -4618.025391
925 925 1514.027832
926 511 -2314.945312
926 898 -20789.119141
926 915 -21860.724609
926 926 44964.777344
927 532 275.654510
927 579 -472.019409
927 816 -2814.812988
927 821 31.913805
927 886 -849.461121
927 892 -5398.722656
927 899 2087.509033
927 908 -2769.685303
927 921 -1362.795776
928 579 126.962822
928 816 757.122681
928 886 228.486328
928 892 1452.137573
928 908 744.984375
928 921 193.618332
928 927 -38865.949219
928 928 1093057.750000
929 927 37174.714844
929 928 -2045493.625000
929 929 999999.750000
930 889 38417.210938
930 890 1666.500000
930 897 287.826111
930 908 559.760010
930 917 -68634.406250
930 922 -2998.832031
931 917 7018.528809
931 922 1555.887573
931 930 -9245.562500
931 931 9245.562500
933 526 120.625237
933 821 146.941238
933 921 -7455.084473
934 921 3155.368652
934 933 -17313.007812
934 934 17313.007812
935 499 701.193420
935 511 198.235733
935 822 -6931.113281
935 885 275.586914
935 898 638.422913
935 914 -2762.518311
935 935 8926.113281
936 936 100905440.000000
937 502 -3189.279541
937 579 23.201765
937 816 138.360046
937 821 40.338718
937 884 -22835.242188
937 886 -2949.389160
937 892 265.370239
937 908 136.141830
937 921 -2092.714355
937 927 -1048.119995
937 928 -10360.252930
937 936 -337005.906250
937 937 39923.394531
938 499 1888.252808
938 511 533.831604
938 885 742.131592
938 898 1719.217407
938 914 -6200.012695
938 938 6200.012695
939 902 78431.359375
939 904 -74689.632812
939 906 -76154.125000
939 939 150843.765625
940 918 907.441101
940 919 -3643.330566
940 940 20005.330078
942 933 -688.890259
942 942 688.890259
943 943 6503.641113
944 897 -1581.393921
944 904 -3791.477051
944 943 -9998.491211
944 944 15371.363281
945 945 11.044742
946 946 110.803421
947 822 1059.063965
947 914 1018.807190
947 935 -4505.968262
947 947 1214.048584
948 538 -1238.787109
948 948 12292.489258
949 780 -1488.860107
949 787 -900.668457
949 932 -8042.189453
949 949 10431.722656
952 948 -1009.841614
952 952 6125.050781
953 538 -345.669647
953 953 1086.334595
954 940 -52301.949219
954 941 -211299.875000
955 538 235.678223
955 948 -752.498535
955 953 -2294.251953
955 955 4779.595703
956 950 -359.381104
956 956 359.381104
957 426 133.498871
957 519 -2515.779785
957 538 206.719360
957 948 -4885.893555
958 519 293.220673
958 538 392.041382
958 948 -5417.560547
958 958 2803.157959
959 940 2895.026855
959 941 11695.908203
959 954 -854.964172
959 959 854.964172
960 948 843.348206
960 952 -35530.855469
960 960 216559.468750
961 945 -69.962418
961 961 314.293701
962 961 -260.369568
963 914 -43.874126
963 945 6.670741
963 961 -57.433762
964 538 -747.091125
964 948 -3471.302734
964 964 1992.984985
965 946 -327.624542
965 951 -154.463120
966 962 -5015.140137
966 966 18471.607422
967 519 -5820.873047
967 948 401.331635
967 957 -1956.292969
967 967 8133.355957
968 465 -5136.309082
968 945 21.060600
968 946 62.582165
968 951 29.505224
968 961 -607.098999
968 965 -464.161133
968 968 6095.222656
969 951 -267.358582
969 965 -254.664230
970 969 -41.196953
970 970 41.196953
971 962 3653.502197
971 966 -24390.968750
972 914 19.537727
972 961 9.729647
972 963 -78.894241
972 966 1131.541626
972 971 -186.010040
972 972 264.904297
973 957 -37696.078125
973 960 -191496.078125
973 973 229192.187500
974 974 999999.750000
975 951 -52.282417
975 975 52.282417
977 976 -5327.934082
977 977 5327.934082
979 552 13.854866
979 557 76.155884
979 979 45340.546875
980 552 117.114632
980 557 205.413055
980 560 -207.467865
980 980 319.601807
982 981 -36982.250000
982 982 36982.250000
983 974 -1216030.875000
983 979 -253339.750000
984 981 -145.158890
984 984 145.158890
985 524 -3221.147705
986 552 36.421383
986 557 200.196991
986 974 7698.229004
986 979 1603.797607
986 983 -152.348969
986 986 391.649261
987 524 1064.554321
987 556 183.964844
987 903 -835.516052
987 985 -1819.072632
987 987 5616.874023
988 988 638.867554
989 524 232.924347
989 976 -552.313049
989 978 -586.750000
989 985 -259.877563
989 989 2394.628418
990 989 -34.888798
990 990 34.888798
991 916 -14813.689453
992 991 -8.599854
992 992 8.599854
993 517 -380.869385
993 988 -679.241516
994 993 -16.219839
994 994 16.219839
995 517 -120.246880
995 988 -689.795837
995 995 806.008545
996 996 6200.012695
997 517 30.781202
997 988 93.411850
997 995 -897.267944
997 996 -13686.136719
997 997 9039.022461
998 517 17.085493
998 981 -312.852753
998 988 51.849419
998 995 -174.457794
998 996 713.872681
998 997 -1144.743408
998 998 972.904663
999 903 440.643036
999 985 959.361145
999 987 -4524.564453
999 999 1562.280029
1000 552 55.064877
1000 557 302.674469
1002 1002 69.213539
1003 1003 16.686956
1005 1005 108.507011
1006 1006 15631.575195
1007 1006 -17.217337
1007 1007 17.217337
1008 1008 596.337341
1009 113 76248.562500
1009 114 -201013088.000000
1009 1009 101882368.000000
1010 1009 -2.456736
1010 1010 2.456736
1011 1011 1693.508545
1012 1012 34.480270
1013 1006 -16826.085938
1017 1017 5446.549805
1018 1009 -448.865234
1018 1018 448.865234
1019 114 62972.289062
1019 1006 -631.631714
1019 1009 -63941.667969
1019 1019 3630.987061
1020 1020 1222.553345
1021 114 42444.820312
1021 1006 -12126.211914
1021 1009 -43243.367188
1021 1020 -4525.285156
1021 1021 8922.339844
1022 1009 -3265.306396
1022 1022 3265.306396
1023 1006 290.396698
1023 1008 -1621.022095
1024 1008 170.293030
1024 1023 -76.748123
1024 1024 121.124992
1025 1008 179.558960
1025 1023 -86.687500
1025 1025 138.992310
1026 207 83.342224
1027 224 69.879250
1027 1002 -322.564972
1027 1008 306.784058
1027 1023 -487.089142
1027 1026 -535.145508
1028 1002 28.058908
1028 1023 74.992096
1028 1025 -86.950920
1028 1026 32.429623
1028 1027 -26.338072
1028 1028 60.984211
1029 105 3703704.000000
1029 109 -209332000.000000
1029 1015 -365495.906250
1029 1017 -784991.250000
1029 1029 111573376.000000
1030 1006 -806.063721
1030 1013 -1832.678955
1031 1030 -87.671341
1031 1031 87.671341
1032 1004 -61.391697
1032 1032 377.781769
1033 1006 455.746918
1033 1009 273.792542
1033 1019 -4510.257812
1033 1033 1890.359131
1034 1016 -16.407721
1034 1024 -15.776544
1034 1032 -49.223167
1034 1034 81.407448
1035 1002 40.781704
1035 1003 -141.483978
1035 1006 -3440.973633
1035 1023 61.582401
1035 1026 47.134235
1035 1027 -169.780792
1035 1035 1199.602661
1036 1003 16.734812
1036 1004 34.183548
1036 1006 88.290337
1036 1027 20.081776
1036 1032 -371.815979
1036 1035 -203.008911
1036 1036 222.582245
1037 1006 2280.215576
1037 1013 -14005.113281
1037 1037 14005.113281
1038 1013 -10519.395508
1038 1038 10519.395508
1039 1005 -960.136169
1039 1006 115.583794
1039 1013 -552.927612
1039 1014 -6982.807129
1039 1039 8495.870117
1040 114 32393.910156
1040 1009 -32860.199219
1040 1011 -3761.971191
1040 1012 -329.627930
1040 1040 2526.434326
1041 532 1883.239502
1041 647 -2489.349121
1041 654 2656.042969
1041 659 4166.666992
1041 661 33333.335938
1042 648 -2492.849854
1042 1042 511.865265
1043 652 2854.288086
1044 1044 2672.052246
1045 651 -2175.572266
1045 1045 4795.233887
1047 532 -1207.473511
1047 680 -9657.622070
1047 1045 -5146.417480
1047 1047 11239.433594
1048 650 179.736420
1048 653 -112.454361
1048 1048 112.454361
1049 532 518.806824
1049 649 1600.000000
1049 658 6666.667969
1049 662 2325.581299
1049 672 -27445.322266
1050 77 -26646770.000000
1050 532 217.986023
1050 649 672.268799
1050 658 2801.120605
1050 660 -90789.703125
1050 662 977.134827
1050 672 -99988.375000
1050 674 9956.192383
1050 675 -175395.046875
1050 1043 -138785.281250
1050 1044 -182408.312500
1051 646 -255.434860
1051 667 -132.159027
1052 77 1000000.000000
1052 532 237.984863
1052 649 733.945251
1052 658 3058.105713
1052 660 3407.156006
1052 662 1066.780762
1052 672 -12020.379883
1052 675 6172.840332
1052 1043 5208.333984
1052 1044 6779.660156
1052 1050 -43669.718750
1052 1052 47676.113281
1053 666 584795.250000
1053 681 -1819363.125000
1054 644 18518.519531
1054 652 -119837.132812
1054 1049 -9411.293945
1054 1054 129248.453125
1055 649 -4430.938477
1055 655 8671.523438
1056 646 902.005981
1057 680 -5951.390137
1058 532 257.344666
1058 649 6060.136230
1058 657 11439.035156
1058 658 3306.879150
1058 660 -10417.190430
1058 662 1153.562134
1058 669 -177439.484375
1058 672 -22862.570312
1058 1046 -28314.812500
1058 1055 -56629.640625
1058 1058 283362.968750
1059 532 6889.898926
1059 654 9717.228516
1059 659 15243.900391
1059 661 121951.203125
1059 677 -72191.648438
1059 1059 87607.601562
1060 645 -29.408855
1060 1060 29.408855
1061 621 -871.584717
1061 1059 -2946.860596
1061 1061 3201.265869
1063 58 72.350677
1063 69 811.089294
1065 58 257.816254
1065 69 2890.256348
1066 1066 196.156830
1068 502 102.371033
1068 526 756.939331
1068 584 -635.269470
1068 609 -894.803894
1068 1066 -1349.724976
1069 1068 -1071.432373
1071 1067 -18.459936
1072 1062 -66.270004
1073 526 658.258667
1074 58 50.014221
1074 69 560.685791
1074 70 -1008.538391
1074 526 554.502014
1074 527 -8154.306152
1074 1063 -3266.788574
1074 1073 -51733.054688
1074 1074 99585.492188
1075 70 16.108410
1075 527 130.240860
1075 1063 52.177258
1075 1064 -287.905792
1075 1072 -105.597832
1075 1073 826.282166
1075 1074 -1716.831909
1077 1065 -595.492737
1077 1070 -1731.200317
1077 1076 -1533.810913
1078 1065 68.332344
1078 1070 198.653946
1078 1076 176.003662
1080 1065 -1305.118530
1080 1070 196.800842
1080 1076 174.361847
1080 1077 -391.866547
1080 1080 1764.679688
1081 70 273.154633
1081 527 2208.529297
1081 1063 884.783813
1081 1073 14011.488281
1081 1074 -34277.078125
1081 1081 7305.136719
1082 1064 49.395149
1082 1072 18.117109
1082 1074 21.660173
1082 1075 -18.467466
1082 1082 18.467466
1083 1083 250000.000000
1084 1084 312.152527
1085 1062 -22.935770
1085 1078 -26.192722
1085 1085 49.128490
1086 1069 -1381.456177
1086 1074 -1078.136475
1086 1086 2459.592529
1087 1064 -2157.804688
1087 1083 -502139.500000
1087 1087 254297.296875
1088 1065 83.797836
1088 1070 243.614807
1088 1071 -68.127983
1088 1076 215.838150
1088 1077 -182.985733
1088 1088 251.113785
1089 1089 149.175461
1090 577 -14732.819336
1090 1090 15315.472656
1091 577 560.487732
1091 1090 -651.673584
1091 1091 214.908859
1092 584 63.080936
1092 596 174.556610
1092 603 -979.868225
1092 609 88.852165
1092 1066 134.024872
1092 1068 -348.814331
1092 1092 1328.682617
1093 1090 26.750555
1093 1091 -168.431305
1094 635 15.183475
1094 636 -43.835747
1094 789 -21.724375
1094 1094 41.182777
1095 63 159235.703125
1095 65 -161660.875000
1095 1065 34.262966
1095 1070 99.608368
1095 1076 88.251144
1095 1077 -643.912781
1096 65 70.708565
1096 1077 20.965523
1096 1095 -73.301414
1097 1097 9802.960938
1098 1093 -147.532089
1098 1098 251.530090
1099 1093 60.998852
1099 1098 -146.997223
1099 1099 42.999191
1100 65 116.913139
1100 1077 34.665462
1100 1095 -814.469910
1100 1097 -20786.208984
1100 1100 12305.642578
1101 608 -38.554581
1101 1095 33.617870
1101 1097 453.341980
1101 1100 -567.627930
1101 1101 170.019684
1102 1102 20.474604
1103 1096 -57.479156
1103 1103 57.479156
1104 1104 2133.481201
1105 599 -134.495224
1105 1095 -361.565186
1105 1105 496.060211
1106 1089 -253.181183
1106 1106 231.986404
1107 1096 -5.469209
1107 1107 5.469209
1108 1091 -18.231663
1108 1108 18.231663
1109 1089 55.405956
1109 1106 -127.550179
1109 1109 36.072105
1110 792 -232.805817
1110 1110 114.054932
1111 1111 54.465492
1112 1089 -28.871410
1112 1096 -20.739317
1112 1102 -64.186707
1112 1112 93.322838
1113 65 1396.804321
1113 1070 -616.047363
1113 1077 414.161072
1113 1095 -8268.004883
1113 1113 8884.051758
1114 792 21.160395
1114 798 -156.521362
1114 1110 -68.161263
1115 798 26.314775
1115 1110 11.521791
1115 1114 -19.219822
1115 1115 19.219822
1116 798 13.452269
1116 1110 5.890008
1116 1114 -5.022744
1116 1116 5.022744
1117 1079 -22.441692
1118 1104 -535.836853
1118 1118 535.836853
1119 530 240.038391
1119 581 371.471008
1119 776 171.762299
1119 780 127.000252
1119 785 550.357483
1119 797 -4021.077393
1119 1104 -1853.030640
1119 1111 -593.516968
1119 1119 6467.625000
1120 1079 13.396521
1120 1101 -54.804184
1120 1117 -44.355991
1120 1120 99.160172
1121 532 1365.281616
1121 649 4210.527832
1121 651 817.761536
1121 658 17543.871094
1121 662 6119.953125
1121 670 -8611.740234
1121 672 -82028.687500
1121 1121 25381.970703
1122 813 -608474.812500
1122 1122 625708.312500
1123 617 -10019.408203
1123 884 -13713.208008
1123 1123 21129.529297
1124 526 564.716614
1124 527 -975.182434
1124 1124 1373.216064
1125 579 8279.518555
1125 886 6028.455078
1125 895 -206611.609375
1125 1125 206611.609375
1127 571 365.130005
1127 581 308.535767
1127 775 2535.625488
1128 786 -897948.500000
1128 1128 250000.000000
1129 901 -100158200.000000
1130 75 67.686470
1130 532 144.421005
1130 810 195.577988
1130 814 304.085419
1130 885 108.822815
1130 917 2723.867432
1130 918 -5737.166504
1130 1130 504.986755
1131 1131 594.883789
1132 788 -29726.519531
1132 1132 29726.519531
1133 922 -100000000.000000
1133 1133 100000000.000000
1134 936 -100451696.000000
1135 901 158227.906250
1135 1124 -285.326782
1135 1129 -420.315308
1135 1135 705.641785
1136 1122 -1006.029053
1136 1131 -1721.145508
1136 1136 2132.291260
1137 523 40866.371094
1137 773 144927.500000
1137 784 145772.593750
1137 785 45413.261719
1137 802 -100466296.000000
1138 797 2215.574219
1138 805 -29897.210938
1138 1138 13840.817383