1,1 2174973.250000 
2,2 83.478447 
3,3 4846.203125 
4,4 4706.105469 
5,1 -13423.508789 
5,5 192.877930 
6,6 13648.967773 
7,4 -4201.801758 
7,6 -1858.983154 
7,7 2784.383789 
8,8 915.539246 
9,1 43.921741 
9,5 -102.593781 
9,9 51.472744 
10,2 -50.566013 
10,5 4.411267 
10,9 -11.668154 
10,10 32.598686 
11,3 -852.867981 
11,11 739.069946 
12,3 10.913630 
12,11 -35.209393 
12,12 1.534370 
13,13 51.017391 
14,14 167.789795 
15,15 2878980.750000 
16,15 -52988.679688 
16,16 940.946472 
17,15 -52659.867188 
17,17 929.505981 
18,15 -52497.000000 
18,18 923.864502 
19,15 -52497.000000 
19,19 923.864502 
20,20 33017918.000000 
21,20 -65606552.000000 
21,21 32890478.000000 
22,20 29746.419922 
22,21 -29881.455078 
22,22 27.098503 
23,20 29638.417969 
23,21 -29772.865234 
23,23 26.902082 
24,20 29607.703125 
24,21 -29741.984375 
24,24 26.846355 
25,20 29500.705078 
25,21 -29634.402344 
25,25 26.652666 
26,8 -129.945648 
26,26 19.108578 
27,4 -36.958885 
27,27 83.237778 
28,4 1.128676 
28,27 -27.289524 
28,28 5.634001 
29,4 1.159783 
29,27 -28.201210 
29,29 5.948838 
30,4 0.566017 
30,27 -12.276876 
30,30 1.416895 
31,31 2.850066 
32,31 -2.111851 
32,32 2.850066 
33,33 0.433224 
34,3 -3923.030273 
34,13 -117.517723 
34,34 3171.333008 
35,3 -162080.890625 
35,8 -4997.706543 
35,26 -6202.531738 
35,35 100366328.000000 
36,36 100000000.000000 
37,4 165.267593 
37,6 -11150.078125 
37,7 -635.386719 
37,20 -106322.156250 
37,37 6453.475586 
38,3 65.360329 
38,11 -757.990051 
38,38 5623.684082 
39,11 116.275803 
39,38 -1432.737305 
39,39 269.531647 
40,40 60483.289062 
41,40 -156308.203125 
41,41 977925.437500 
42,40 3669.052490 
42,41 -29503.962891 
42,42 840.159790 
43,40 -256851.312500 
43,43 19387072.000000 
44,40 105485.242188 
44,41 -9851859.000000 
44,44 117361040.000000 
45,40 -23376.982422 
45,45 14100.944336 
46,46 100000000.000000 
47,47 11010.682617 
48,46 -301833600.000000 
48,47 -2128887.000000 
48,48 407368000.000000 
49,40 3502.872803 
49,45 -22267.835938 
49,49 83378.875000 
50,45 6917.065430 
50,49 -161728.515625 
50,50 977925.437500 
51,49 3669.052490 
51,50 -29503.962891 
51,51 840.159790 
52,49 105485.242188 
52,50 -1552681.625000 
52,52 764430.062500 
53,45 5875.787109 
53,49 -201597.031250 
53,53 2515707.000000 
54,46 784313.750000 
54,47 8229.945312 
54,48 -1736548.500000 
54,49 153609.921875 
54,53 -5062475.000000 
54,54 3832327.250000 
55,49 5376.345215 
55,53 -81804.898438 
55,55 2500.000000 
56,56 859.985535 
57,57 12624.678711 
58,58 244.905289 
59,59 591.992676 
60,60 10850.702148 
61,61 15625.000000 
62,62 2576.721924 
63,56 -295861.156250 
63,63 101194344.000000 
64,56 885.967041 
64,63 -308738.687500 
64,64 25507.349609 
65,56 293255.093750 
65,63 -200754592.000000 
65,65 100318648.000000 
66,57 -62287.878906 
66,66 195366.015625 
67,57 10908.699219 
67,59 -4665.158203 
67,66 -59165.960938 
67,67 28025.138672 
68,57 2727.174072 
68,59 746.346741 
68,60 -40985.421875 
68,66 -14771.746094 
68,67 -14009.214844 
68,68 83690.562500 
69,59 372.601959 
69,66 1486.790283 
69,67 -5484.834961 
69,69 36386.515625 
70,58 -3773.976807 
70,67 2686.656250 
70,69 -73028.109375 
70,70 50853.726562 
71,63 1238.175415 
71,64 -10502.023438 
71,71 9319.811523 
72,64 2276.867432 
72,71 -10081.101562 
72,72 7211.515137 
73,71 308.641968 
73,72 -502.645477 
73,73 30.864189 
74,57 3668.906982 
74,60 4957.511719 
74,66 -25845.986328 
74,67 1459.880493 
74,68 -32086.382812 
74,74 148149.859375 
75,66 1316.663574 
75,68 1919.036133 
75,74 -43468.003906 
75,75 480393.343750 
76,66 830.871643 
76,68 1210.994751 
76,74 -13544.449219 
76,76 21725.138672 
77,74 764.122803 
77,76 -155478.203125 
77,77 25301200.000000 
78,66 1122.850952 
78,68 1636.554199 
78,74 -21342.855469 
78,76 -14911.438477 
78,78 68995.539062 
79,74 3126.099854 
79,76 3305.785400 
79,78 -75190.125000 
79,79 318571.500000 
80,66 516.665649 
80,68 753.039795 
80,74 -16488.439453 
80,80 431867.968750 
81,74 1061.932251 
81,80 -72293.703125 
81,81 176407.968750 
82,82 24.751858 
83,83 297.265198 
84,84 308.869720 
85,85 192791.687500 
86,86 46342004.000000 
87,85 -992854.000000 
87,86 -60634840.000000 
87,87 28296784.000000 
88,85 25354.968750 
88,86 735294.062500 
88,87 -803901.562500 
88,88 21626.292969 
89,89 4269.472656 
90,60 3368.385498 
90,66 784.866089 
90,67 991.916992 
90,68 -11451.121094 
90,90 4203.005371 
91,68 1050.745117 
91,90 -23067.125000 
91,91 416097.281250 
92,90 5317.708008 
92,91 -147932.062500 
92,92 67023.820312 
93,91 15585.858398 
93,92 -82959.476562 
93,93 374770.312500 
94,82 -2333.633301 
94,83 -8298.735352 
94,92 1038.582886 
94,93 -11736.854492 
94,94 215375.078125 
95,84 -1654.599609 
95,95 5863.276855 
96,82 23.884415 
96,83 82.771866 
96,93 52.352951 
96,94 -50345.582031 
96,96 100458536.000000 
97,84 145.606369 
97,95 -734.820740 
97,97 146.914505 
98,6 -1893.432373 
98,11 343.444336 
98,38 -6118.931641 
98,98 3269.288086 
99,38 11.652649 
99,39 -14.535339 
99,99 9.822382 
100,31 -44.425594 
100,32 -45.090309 
100,33 -27.248192 
100,100 1659.745850 
101,4 -2921.277588 
101,6 8.519541 
101,7 -67.666618 
101,27 -114.835464 
101,101 1175.982300 
102,4 -27.544132 
102,6 39.797325 
102,7 -104.150253 
102,20 -78702.468750 
102,27 1.994570 
102,37 -62.851494 
102,101 -61.333172 
102,102 2212.884766 
103,4 -41442.757812 
103,6 -388981.968750 
103,7 -5656.152832 
103,20 412.874146 
103,27 3.838674 
103,37 14.994340 
103,101 -14648.157227 
103,102 -307573.500000 
103,103 101498776.000000 
104,2 4.761233 
104,3 -123.220192 
104,5 6.809051 
104,8 0.553693 
104,9 -42.596954 
104,10 -41.815121 
104,11 55.667656 
104,12 67.769318 
104,13 -147.074158 
104,18 58.087994 
104,22 104.074318 
104,26 0.688629 
104,32 24.203329 
104,34 -816.032227 
104,35 -11174.856445 
104,104 585.801147 
105,89 -18624.632812 
105,105 177040.500000 
106,89 462.731323 
106,105 -5227.522949 
106,106 145.860916 
107,107 1033.901489 
108,90 2195.547363 
108,91 -111747.921875 
108,107 -33471.617188 
108,108 1017703.625000 
109,89 14190.434570 
109,105 -3996715.750000 
109,109 107544576.000000 
110,91 61425.066406 
110,107 29231.216797 
110,108 -10894185.000000 
110,110 120446016.000000 
111,108 38041.437500 
111,110 -880085.375000 
111,111 101142248.000000 
112,112 91058.609375 
113,112 -76744.570312 
113,113 100811448.000000 
114,112 56.580177 
114,113 -152864.031250 
114,114 100152656.000000 
115,89 -3838.201660 
115,90 786.354614 
115,91 -17465.767578 
115,112 188.816544 
115,113 -257434.140625 
115,115 5878.633789 
116,90 11605.037109 
116,91 -386135.437500 
116,116 190203.265625 
117,91 3911.750488 
117,116 -4896.777344 
117,117 119.966019 
118,118 30.490396 
119,66 6160.990723 
119,68 8979.638672 
119,74 -115704.328125 
119,118 -1291.289307 
119,119 52134.910156 
120,120 16023.078125 
121,71 1322.751343 
121,72 -8504.985352 
121,120 -50490.019531 
121,121 74141.187500 
122,72 1687.538086 
122,120 8971.724609 
122,121 -30120.687500 
122,122 23312.648438 
123,74 6439.562012 
123,118 188.457687 
123,119 -11612.958008 
123,121 2869.498291 
123,122 -10713.109375 
123,123 12528.101562 
124,121 2928.785889 
124,122 -10351.091797 
124,124 9567.104492 
125,50 34153.007812 
125,52 -50721.417969 
125,119 1273.495728 
125,122 2861.067871 
125,123 -17731.890625 
125,124 -15068.540039 
125,125 131976.500000 
126,52 3335.528320 
126,85 -244606.187500 
126,91 24295.435547 
126,116 -62198.335938 
126,123 3036.823975 
126,124 2659.702393 
126,125 -68485.296875 
126,126 228668.156250 
127,74 1413.627319 
127,76 -12906.398438 
127,122 983.864624 
127,124 -4350.766602 
127,127 7211.515137 
128,76 308.641968 
128,124 132.275101 
128,127 -502.645477 
128,128 30.864189 
129,52 2906.638672 
129,62 -11906.426758 
129,85 16563.148438 
129,116 4225.292480 
129,123 2646.342529 
129,124 2317.711914 
129,125 -33744.976562 
129,126 -41117.253906 
129,129 33780.675781 
130,61 -60237.898438 
130,130 127379.890625 
131,63 484.935303 
131,64 -16955.953125 
131,131 803974.062500 
132,64 1206.869141 
132,131 -75011.757812 
132,132 10203.100586 
133,61 17123.287109 
133,64 12347.199219 
133,130 -174751.109375 
133,131 -1396481.500000 
133,133 844156.500000 
134,130 1720.932861 
134,131 9663.700195 
134,133 -11700.281250 
134,134 157.824188 
135,135 100604720.000000 
136,64 580.673157 
136,131 -36048.316406 
136,135 -257761.187500 
136,136 9965.220703 
137,137 11670.696289 
138,138 47479.535156 
139,135 -48054.398438 
139,137 -14354.823242 
139,139 8111.806152 
140,135 61.032623 
140,137 931.410828 
140,139 -1742.873047 
140,140 2072.977295 
141,131 1382.091553 
141,135 972.129883 
141,136 -7427.508301 
141,137 -5551.191406 
141,138 -9057.550781 
141,141 8946.791016 
142,142 1347.127808 
143,143 400583808.000000 
144,131 331.516632 
144,132 -44611.640625 
144,143 -375393.750000 
144,144 100338488.000000 
145,94 34.762985 
145,96 -145147.796875 
145,145 100440680.000000 
146,40 240211.390625 
146,43 -50835124.000000 
146,146 53129564.000000 
147,43 12787726.000000 
147,146 -59500548.000000 
147,147 167474128.000000 
148,146 29411770.000000 
148,147 -229411808.000000 
148,148 100000000.000000 
149,149 27.098503 
150,150 5406.574219 
151,151 176.833344 
152,152 108.281303 
153,153 1189.060791 
154,154 188.167603 
155,155 840.159790 
156,156 21003.982422 
157,157 1479.290039 
158,158 784.627319 
159,159 92.967392 
160,160 456.832886 
161,161 118.879982 
162,162 7658.300781 
163,162 -10758.065430 
163,163 21297.986328 
164,164 27.098503 
165,165 13851.924805 
166,149 -1803.969482 
166,164 -1803.969482 
166,165 -27820.066406 
166,166 116510.890625 
167,165 -2640.489014 
167,167 1201.457031 
168,168 4848.425781 
169,162 -1305.076904 
169,169 657.327515 
170,170 917.275146 
171,171 2730.428467 
172,160 -883.146545 
172,172 4469.282227 
173,61 6476.683594 
173,130 -29176.863281 
173,150 -20569.095703 
173,160 425.957825 
173,172 -11619.700195 
173,173 42522.687500 
174,174 2563.790527 
175,151 -890.063354 
175,165 -1616.068481 
175,167 -1530.276245 
175,175 2876.703613 
176,176 740981.437500 
177,176 -196100.562500 
177,177 76496.726562 
178,171 -5507.063965 
178,176 -19910.337891 
178,178 7775.115234 
179,151 157.185196 
179,165 132.218430 
179,167 204.858368 
179,175 -913.422729 
179,179 558.880798 
180,152 -404.755371 
180,168 -921.331299 
180,180 811.745605 
181,181 535.836853 
182,58 77.549301 
182,69 869.368591 
182,70 -1422.252808 
182,159 -336.541626 
182,182 3782.611816 
183,57 16523.468750 
183,66 -123532.484375 
183,70 148.365295 
183,153 -14913.844727 
183,159 141.627823 
183,181 -9749.233398 
183,182 -13758.133789 
183,183 158418.890625 
184,66 13491.633789 
184,130 1985.190063 
184,150 2817.218506 
184,153 3163.556152 
184,172 1630.390137 
184,173 -15262.265625 
184,181 2123.683350 
184,182 2746.800049 
184,183 -54142.531250 
184,184 36915.820312 
185,185 65.036423 
186,162 2143.393311 
186,163 -12657.647461 
186,186 15926.718750 
187,162 162.680222 
187,163 1937.984863 
187,169 -1878.171875 
187,185 -932.165466 
187,186 -9738.546875 
187,187 11561.411133 
188,169 418.527283 
188,170 -1884.718994 
188,185 239.303146 
188,186 1236.399780 
188,187 -4747.081055 
188,188 2751.278320 
189,189 1722.077393 
190,190 1089.217773 
191,191 1321656.125000 
192,149 416.449768 
192,164 416.449768 
192,165 4848.484863 
192,166 -93278.320312 
192,192 680034.562500 
193,173 1586.508301 
193,183 3798.887207 
193,184 -18183.931641 
193,193 61012.460938 
194,165 -5619.760254 
194,170 -820.449951 
194,194 6240.588867 
195,191 -12717.350586 
195,195 1361.324341 
196,58 80.917534 
196,69 907.128235 
196,70 -1192.752563 
196,196 26.735424 
197,191 -17494.414062 
197,197 1331.402710 
198,155 -35643.148438 
198,184 2509.567871 
198,191 -2611484.000000 
198,193 -87740.000000 
198,198 1441687.750000 
199,166 53333.335938 
199,184 4405.093750 
199,190 -27691.625000 
199,192 -1087130.125000 
199,193 -112027.687500 
199,199 649721.375000 
200,200 3610.964355 
201,60 5234.507812 
201,66 6388.717773 
201,67 1541.449829 
201,68 -23215.664062 
201,149 77.464607 
201,153 1212.048096 
201,162 629.548401 
201,163 -4352.960938 
201,164 77.464607 
201,165 901.875732 
201,166 -7649.334961 
201,181 813.643372 
201,182 1052.377075 
201,183 -20060.363281 
201,200 -10213.608398 
201,201 29824.771484 
202,200 -1313.973511 
202,202 438.303497 
203,175 139.720200 
203,179 -474.943207 
203,200 76.528969 
203,202 -176.853394 
203,203 273.556366 
204,74 26014.568359 
204,75 -863397.125000 
204,204 416233.125000 
205,70 82.866249 
205,159 -109.345551 
205,182 -1508.848755 
205,205 825.194580 
206,169 122.646698 
206,185 70.126228 
206,186 362.318878 
206,187 -1099.291626 
206,206 357.003235 
207,154 -12275.250000 
207,176 -1144632.750000 
207,177 -120596.789062 
207,207 776422.437500 
208,154 1157.588135 
208,176 56321.367188 
208,177 8790.438477 
208,184 1598.759521 
208,193 -14285.916016 
208,207 -84738.101562 
208,208 15128.556641 
209,152 90.485481 
209,162 -1260.946533 
209,168 -9035.095703 
209,169 75.023247 
209,180 -958.247681 
209,185 42.896362 
209,186 221.631241 
209,187 -1006.549683 
209,209 6676.088867 
210,210 3228939.750000 
211,174 -1722.069092 
211,189 -1443.512207 
211,191 -15829.203125 
211,195 -3174.672363 
211,211 7119.367188 
212,174 266.843079 
212,189 239.913986 
212,191 593.749634 
212,195 547.657043 
212,197 -1720.609131 
212,211 -2657.656006 
212,212 1819.843994 
213,61 5387.931152 
213,130 -27548.851562 
213,156 -61906.890625 
213,173 791.942444 
213,183 1896.302734 
213,184 -9804.982422 
213,213 79653.828125 
214,171 590.597717 
214,176 315.975708 
214,178 -2319.250977 
214,214 4332.491211 
215,210 -20270.578125 
215,215 125.681145 
216,165 1226.241821 
216,170 322.210632 
216,174 -7528.799805 
216,187 88.685913 
216,189 -5694.423828 
216,194 -9747.804688 
216,206 -1703.426392 
216,216 21941.431641 
217,171 -22904.544922 
217,176 271.069702 
217,178 -22899.126953 
217,210 -5900520.000000 
217,214 -91837.953125 
217,217 3039394.750000 
218,68 747.786499 
218,149 913.267090 
218,163 1971.794678 
218,164 913.267090 
218,165 10632.642578 
218,166 -131402.687500 
218,174 1026.525513 
218,183 523.056335 
218,186 -21444.201172 
218,189 813.821899 
218,192 -79900.226562 
218,194 1163.101807 
218,200 652.898865 
218,201 -9084.520508 
218,206 276.392395 
218,210 -266036.437500 
218,216 -15878.259766 
218,218 191652.562500 
219,157 -7286.375000 
219,219 22796.230469 
220,157 3315.649658 
220,166 1174.743164 
220,192 -13590.798828 
220,219 -21713.394531 
220,220 10179.033203 
221,70 25.543303 
221,159 59.217323 
221,182 -296.344635 
221,205 -338.455719 
221,221 360.850281 
222,160 48.781719 
222,161 -482.903992 
222,172 -770.152893 
222,182 16.281237 
222,205 22.401133 
222,221 -348.006195 
222,222 8314.283203 
223,162 -1792.419434 
223,223 2984.125732 
224,154 157.309860 
224,176 7653.763672 
224,177 1194.572266 
224,207 -10319.766602 
224,224 351.012604 
225,161 124.156670 
225,172 127.907974 
225,182 18.508575 
225,205 25.465698 
225,221 -92.442627 
225,222 -3176.379883 
225,225 890.269226 
226,57 3210.274414 
226,63 2189.237549 
226,64 -23569.058594 
226,66 -11991.322266 
226,153 1258.494873 
226,158 -5421.680176 
226,181 844.822937 
226,182 1092.705078 
226,183 -20567.937500 
226,226 27404.417969 
227,162 1828.688599 
227,163 -9194.594727 
227,227 7355.718750 
228,163 1828.688599 
228,227 -8442.062500 
228,228 9492.072266 
229,227 1273.009644 
229,228 -3454.463623 
229,229 763.102478 
230,157 1012.145813 
230,219 -4665.789551 
230,230 692.520813 
231,227 587.792664 
231,228 -1640.721191 
231,231 973.770142 
232,162 -1129.706055 
232,223 -5709.744141 
232,227 505.295380 
232,228 -1724.008057 
232,231 -2075.092529 
232,232 6603.958984 
233,160 -934.571167 
233,161 234.176697 
233,172 241.252182 
233,221 156.364365 
233,222 -7527.291016 
233,233 3704.985352 
234,234 851.234314 
235,235 4482032.000000 
236,234 -1738.134033 
236,235 -149142.921875 
236,236 8142.157227 
237,237 15241.655273 
238,238 35400.574219 
239,238 -10206.310547 
239,239 3510.327881 
240,240 62.689274 
241,86 -450954.187500 
241,241 8340648.500000 
242,86 8613.265625 
242,241 -593113.000000 
242,242 99093.882812 
243,235 -31119.410156 
243,243 213.117386 
244,241 10582.011719 
244,242 -24759.109375 
244,244 14040.496094 
245,241 13419.216797 
245,242 -29763.025391 
245,245 9204.089844 
246,86 4152.824707 
246,241 -267961.656250 
246,246 12803.397461 
247,247 339621.250000 
248,247 -293405.062500 
248,248 252836.406250 
249,249 2777778.750000 
250,250 1262733.125000 
251,86 -504915.687500 
251,251 44449.835938 
252,92 12531.324219 
252,93 -118474.218750 
252,252 83070.484375 
253,86 -517062.312500 
253,241 -381000.250000 
253,253 39237.148438 
254,254 147280.875000 
255,247 -403717.312500 
255,248 -328624.312500 
255,254 -269589.187500 
255,255 828566.750000 
256,256 102677688.000000 
257,86 4306.632324 
257,241 -284555.843750 
257,250 -121194.359375 
257,257 34293.558594 
258,142 -6434.305664 
258,247 9827.043945 
258,248 7313.147949 
258,254 6551.361328 
258,255 -36858.648438 
258,258 68564.687500 
259,240 -227.806213 
259,259 434.900604 
260,247 22482.015625 
260,248 16730.800781 
260,254 14988.007812 
260,255 -79226.375000 
260,260 36477.218750 
261,142 2763.040283 
261,237 -717.251099 
261,255 4031.606689 
261,258 -50368.218750 
261,261 17167.185547 
262,84 169.967987 
262,95 -2511.286621 
262,262 33523.781250 
263,247 16711.232422 
263,248 12436.263672 
263,250 -98892.132812 
263,254 11140.819336 
263,255 -55747.195312 
263,263 17481.095703 
264,82 1191.281006 
264,83 4128.405273 
264,92 1207.073364 
264,93 -10010.919922 
264,94 -203000.234375 
264,264 147226.312500 
265,265 1035458.875000 
266,86 5742.177246 
266,241 -387028.625000 
266,266 60966.328125 
267,86 -688918.875000 
267,251 -107895.007812 
267,267 320370.375000 
268,84 125.533501 
268,95 -1394.898926 
268,97 -654.882812 
268,262 -8945.082031 
268,268 25156.212891 
269,86 -2026002.125000 
269,269 236304.015625 
270,95 384.877350 
270,97 206.685226 
270,235 -8868564.000000 
270,238 -367393.093750 
270,239 -36448.597656 
270,262 1410.545410 
270,268 -133403.546875 
270,270 5369420.000000 
271,92 6286.342773 
271,93 -44765.113281 
271,271 4356.871094 
272,235 -20144.003906 
272,242 3505.696777 
272,244 -11598.183594 
272,272 4978.403320 
273,273 1677268.500000 
274,273 -576107.437500 
274,274 367309.468750 
275,86 625.156311 
275,235 25542.779297 
275,238 1876.064941 
275,239 195.880173 
275,241 -39169.761719 
275,268 688.158630 
275,270 -29928.644531 
275,275 687.082031 
276,95 604.448730 
276,262 -77849.687500 
276,265 -2080074.750000 
276,276 1128906.250000 
277,277 25877132.000000 
278,240 102.427628 
278,259 -626.271118 
278,278 759.360168 
279,86 1476.559692 
279,235 16515.275391 
279,238 1213.013184 
279,239 126.650864 
279,241 -92953.070312 
279,268 444.944916 
279,270 -19464.941406 
279,279 1600.293579 
280,235 58651.019531 
280,238 4307.797363 
280,239 449.777679 
280,268 1580.141479 
280,270 -68813.085938 
280,280 859.985535 
281,238 109.573822 
281,239 -164.419800 
281,281 7.054560 
282,86 13737.206055 
282,249 -5797103.000000 
282,251 20128.822266 
282,267 -344580.625000 
282,282 3281872.750000 
283,86 -975297.625000 
283,283 46073.121094 
284,86 65218.175781 
284,251 10766.581055 
284,267 -66036.078125 
284,269 -160825.765625 
284,284 81711.757812 
285,254 -113362.640625 
285,277 -465161.062500 
285,285 68851.195312 
286,234 118.053848 
286,235 547.993286 
286,236 -797.601013 
286,286 65.776970 
287,237 -2702.702393 
287,287 360.063171 
288,92 6224.711426 
288,93 -48343.535156 
288,288 16248.931641 
289,86 1396.745605 
289,241 -244929.218750 
289,250 -760933.062500 
289,255 8564.576172 
289,260 -649894.562500 
289,277 -51775408.000000 
289,289 27753142.000000 
290,256 -533264.687500 
290,290 2741.153076 
291,86 -341238.406250 
291,93 4059.594238 
291,241 -3193735.750000 
291,288 -66579.875000 
291,291 892013.625000 
292,86 49281.578125 
292,92 3033.061035 
292,93 -49462.523438 
292,241 -3190796.750000 
292,283 -87544.289062 
292,292 885364.312500 
293,86 -395931.062500 
293,92 3648.968750 
293,93 -32434.125000 
293,241 -433661.687500 
293,293 54918.000000 
294,86 -395931.062500 
294,92 3648.968750 
294,93 -32434.125000 
294,241 -433661.687500 
294,294 54918.000000 
295,295 1467.975708 
296,296 10203.041016 
297,296 -22165.839844 
297,297 14026.068359 
298,235 -28171.244141 
298,242 1701.027588 
298,245 -4004.220459 
298,295 -4327.815430 
298,298 5571.402832 
299,86 617.684204 
299,235 -27771.673828 
299,241 -38931.906250 
299,296 1759.757568 
299,297 -2822.072754 
299,299 1897.063354 
300,84 595.752136 
300,95 -6744.644531 
300,265 -20034.619141 
300,300 14980.535156 
301,95 482.625519 
301,97 259.177521 
301,262 1768.784668 
301,268 -21106.867188 
301,301 23646.597656 
302,86 -5235819.500000 
302,251 15262.514648 
302,267 -150061.296875 
302,302 639272.687500 
303,273 -1945476.000000 
303,303 2040818.000000 
304,304 1906006.750000 
305,304 -484162.718750 
305,305 210897.984375 
306,306 1434.802856 
307,234 -2445.213379 
307,241 15241.582031 
307,266 -47529.671875 
307,307 19065.175781 
308,308 6609.823242 
309,237 -14478.285156 
309,259 189.131683 
309,278 -1635.420410 
309,309 7107.550293 
310,86 781.708008 
310,93 2829.652832 
310,241 -47452.203125 
310,246 -4184.500000 
310,252 -7535.437500 
310,310 3866.159912 
311,93 1667.666504 
311,94 31506.238281 
311,264 -76874.351562 
311,311 40218.093750 
312,273 602031.625000 
312,274 -576107.437500 
312,303 -1945476.000000 
312,312 1677268.500000 
313,93 17780.927734 
313,252 -57210.070312 
313,313 18261.496094 
314,95 819.591431 
314,262 -30004.039062 
314,268 5824.790039 
314,301 -27993.720703 
314,314 29224.824219 
315,86 -2124073.500000 
315,273 -828859.000000 
315,274 84175.093750 
315,303 198412.750000 
315,304 -587854.500000 
315,305 -421183.125000 
315,312 -828859.000000 
315,315 2852038.500000 
316,86 80645.148438 
316,273 89605.726562 
316,304 67204.281250 
316,305 63251.085938 
316,312 89605.726562 
316,315 -660958.750000 
316,316 129725.734375 
317,250 -9964203.000000 
317,256 -209663296.000000 
317,317 117361040.000000 
318,82 550.594971 
318,83 1908.096680 
318,93 1206.865234 
318,94 -70154.593750 
318,96 106.959091 
318,145 -150544.109375 
318,235 68728.523438 
318,238 5047.969238 
318,239 527.059143 
318,268 1851.643677 
318,270 -85464.812500 
318,318 28840.529297 
319,86 31250.000000 
319,273 34722.226562 
319,304 26041.662109 
319,305 24509.800781 
319,312 34722.226562 
319,315 -365613.625000 
319,319 1527970.250000 
320,235 32733.218750 
320,238 2404.187988 
320,239 251.021576 
320,268 881.879272 
320,270 -38192.589844 
320,320 267.865906 
321,86 4116.073242 
321,241 -270545.000000 
321,256 -830817.750000 
321,321 28608.576172 
322,92 3062.318115 
322,93 -23145.078125 
322,306 -5511.587402 
322,315 12127.091797 
322,316 -17586.533203 
322,322 11583.591797 
323,86 7812.500000 
323,92 3318.400146 
323,93 -26466.160156 
323,273 8680.556641 
323,304 6510.415527 
323,305 6127.450195 
323,308 -18593.076172 
323,312 8680.556641 
323,315 -57381.000000 
323,323 21724.990234 
324,92 2289.377197 
324,93 -15963.423828 
324,324 2692.947754 
325,82 378.336395 
325,83 1311.131592 
325,92 1372.306641 
325,93 -9026.979492 
325,94 -44288.605469 
325,324 -4741.047363 
325,325 13997.255859 
326,92 1571.585693 
326,93 -11512.410156 
326,264 9074.408203 
326,311 -19724.945312 
326,326 7304.637207 
327,86 4152.824707 
327,142 1738.041870 
327,241 -273031.187500 
327,255 2536.011230 
327,258 -34820.925781 
327,327 28876.507812 
328,108 9090909.000000 
328,110 -209747904.000000 
328,328 100000000.000000 
329,304 -3091621.750000 
329,315 138888.875000 
329,319 -3618125.000000 
329,329 4081216.250000 
330,330 5.806360 
331,331 0.776262 
332,332 2.777779 
333,333 6.806474 
334,334 2.091298 
335,330 -78.733574 
335,335 915.957458 
336,331 -193.086761 
336,336 47642.839844 
337,330 67.120850 
337,331 191.534195 
337,332 -437.640015 
337,335 -8110.920898 
337,336 -104171.671875 
337,337 68077.835938 
338,332 6.400411 
338,335 106.970627 
338,336 834.836060 
338,337 -1075.274414 
338,338 364.204803 
339,332 6.592828 
339,335 110.186508 
339,336 859.933899 
339,337 -1108.057251 
339,339 368.624634 
340,332 10.346984 
340,335 172.930038 
340,336 1349.606201 
340,337 -1871.624756 
340,338 -1201.008667 
340,339 -1202.768555 
340,340 3564.332520 
341,337 50.350277 
341,338 123.632607 
341,339 123.632607 
341,340 -653.558167 
341,341 436.044952 
342,337 92.475510 
342,338 227.069031 
342,339 227.069031 
342,340 -1779.582031 
342,341 -1118.806885 
342,342 4451.678711 
343,340 84.538765 
343,341 72.482346 
343,342 -464.619568 
343,343 229.373154 
344,340 159.568573 
344,341 136.811859 
344,342 -1015.795959 
344,344 789.816833 
345,340 62.798176 
345,341 53.842274 
345,342 -393.584595 
345,345 709.550049 
346,342 334.571899 
346,343 -1114.263916 
346,344 -2271.736572 
346,345 -2895.932861 
346,346 10510.596680 
347,343 133.376038 
347,344 244.947937 
347,345 315.796265 
347,346 -2212.557373 
347,347 2977.921875 
348,346 570.223022 
348,347 -5411.587402 
348,348 6256.156738 
349,343 196.059937 
349,344 360.068268 
349,345 464.213776 
349,346 -3853.146973 
349,347 1563.159424 
349,348 -6281.146484 
349,349 6986.589844 
350,333 -80.709145 
350,334 -43.055733 
350,346 502.522461 
350,348 937.136658 
350,349 -2716.327637 
350,350 802.413269 
351,351 54.385181 
352,352 222.384460 
353,352 -169.054749 
353,353 290.665985 
354,354 839.763306 
355,355 4.687100 
356,356 184.839249 
357,357 1.709049 
358,358 2204.148438 
359,359 344.268372 
360,360 64.827133 
361,361 259541.156250 
362,362 504.725677 
363,352 20.188269 
363,353 -434.011353 
363,363 9343.549805 
364,353 34.920345 
364,363 -968.080261 
364,364 83.706596 
365,353 34.920345 
365,363 -968.080261 
365,365 83.706596 
366,142 -1190.479492 
366,237 -662.096497 
366,351 -363.149048 
366,366 1752.961426 
367,108 9790.962891 
367,110 -121204.562500 
367,111 -75431.453125 
367,343 174.717621 
367,344 320.872620 
367,345 413.681274 
367,346 -7561.857910 
367,367 94452.710938 
368,110 1449.311768 
368,111 -78811.062500 
368,346 1921.894409 
368,367 -43679.492188 
368,368 12542.074219 
369,369 5327.934082 
370,108 11891.318359 
370,110 -144080.437500 
370,112 -2948.807373 
370,340 274.828888 
370,341 235.634445 
370,342 -1971.880371 
370,370 1612.427246 
371,369 -22821.320312 
371,371 57436.625000 
372,110 1795.010254 
372,111 1213.003540 
372,346 3075.030762 
372,367 -106777.507812 
372,369 12165.452148 
372,371 -95498.804688 
372,372 111111.093750 
373,353 34.920345 
373,363 -968.080261 
373,373 83.706596 
374,353 34.920345 
374,363 -968.080261 
374,374 83.706596 
375,355 -268.880676 
375,375 14891.564453 
376,355 4.371912 
376,375 -250.505615 
376,376 4.077920 
377,355 4.371912 
377,375 -250.505615 
377,377 4.077920 
378,355 4.371912 
378,375 -250.505615 
378,378 4.077920 
379,355 4.242547 
379,375 -242.976013 
379,379 3.840158 
380,355 4.242547 
380,375 -242.976013 
380,380 3.840158 
381,355 4.242547 
381,375 -242.976013 
381,381 3.840158 
382,352 42.012123 
382,353 -247.747192 
382,354 -267.334839 
382,382 200.008606 
383,354 -2579.612061 
383,356 -523.045898 
383,383 7100.812500 
384,354 185.497070 
384,356 43.523911 
384,383 -752.521545 
384,384 66.313705 
385,354 182.964172 
385,356 42.929607 
385,383 -741.352966 
385,385 64.515083 
386,354 375.891724 
386,356 88.196960 
386,383 -1662.837769 
386,386 272.304443 
387,354 375.891724 
387,356 88.196960 
387,383 -1662.837769 
387,387 272.304443 
388,353 133.454315 
388,363 -6667.882324 
388,388 8843.411133 
389,355 229.097458 
389,363 803.793945 
389,375 -26543.871094 
389,388 -5122.943359 
389,389 16591.654297 
390,363 247.452438 
390,388 -715.616089 
390,390 50.085922 
391,363 247.452438 
391,388 -715.616089 
391,391 50.085922 
392,354 158.628403 
392,356 37.219608 
392,383 -659.345093 
392,392 108.485558 
393,393 1040.582520 
394,357 -12.239108 
394,394 406.528046 
395,353 18.801939 
395,357 -569.201782 
395,363 -4181.921875 
395,383 24.037931 
395,388 -4170.364258 
395,392 -2748.785645 
395,394 -15792.910156 
395,395 617650.562500 
396,396 9414.989258 
397,397 476757.531250 
398,356 -810.084595 
398,357 56.278290 
398,363 376.038757 
398,388 361.781372 
398,392 263.499786 
398,394 1495.609131 
398,395 -66449.937500 
398,398 7154.909668 
399,357 57.150822 
399,363 381.868835 
399,388 367.390381 
399,392 267.585052 
399,394 1518.796875 
399,395 -66932.312500 
399,399 6009.253906 
400,400 100000000.000000 
401,363 329.237579 
401,388 -1159.597046 
401,401 847.379944 
402,388 75.692894 
402,401 -298.620392 
402,402 64.618858 
403,362 -369.797333 
403,403 121.827065 
404,355 4.565524 
404,375 -269.244812 
404,404 31.864706 
405,357 7.901880 
405,363 324.688385 
405,388 -824.269958 
405,392 36.997276 
405,394 209.994354 
405,395 -8621.665039 
405,405 342.033936 
406,357 349.297760 
406,363 2333.928467 
406,388 2245.438232 
406,392 1635.442017 
406,394 9282.671875 
406,395 -5390321.500000 
406,396 -923786.562500 
406,406 112173088.000000 
407,353 41.062862 
407,357 65.825508 
407,363 -1676.427124 
407,388 423.155029 
407,392 308.200653 
407,394 1749.328613 
407,395 -79102.828125 
407,407 10008.841797 
408,352 -52.367481 
408,408 8.609958 
409,352 -168.144409 
409,375 7.456913 
409,404 -56.117092 
409,409 104.551239 
410,410 103133984.000000 
411,15 -21163124.000000 
411,410 -218973216.000000 
411,411 137870576.000000 
412,11 41.561974 
412,38 -1045.983643 
412,410 -823351.750000 
412,412 12478.319336 
413,14 -488.632721 
413,38 52.804474 
413,39 1.777287 
413,99 -66.706055 
413,410 755.819580 
413,412 -1286.290894 
413,413 613.506836 
414,414 101771.140625 
415,415 101771.140625 
416,78 4370.628906 
416,79 -44541.523438 
416,416 131074.625000 
417,78 4370.628906 
417,79 -44541.523438 
417,417 131074.625000 
418,418 1541.210327 
419,418 -456.787994 
419,419 88.165924 
420,420 2948044.500000 
421,420 -68052.195312 
421,421 1502.313477 
422,420 -19983.205078 
422,422 133.649551 
423,423 368401.500000 
424,424 86090.078125 
425,48 9337.066406 
425,53 170068.062500 
425,54 -340908.062500 
425,423 -796292.625000 
425,425 820827.250000 
426,54 8753.500000 
426,423 38699.691406 
426,425 -106044.125000 
426,426 287515.812500 
427,54 4236.569336 
427,423 18730.099609 
427,425 -33508.269531 
427,427 1266.447998 
428,428 93598.984375 
429,428 -8273.488281 
429,429 625.000000 
430,428 -12702.836914 
430,430 1371.742432 
431,414 -151872.687500 
431,428 -79897.976562 
431,431 121957.398438 
432,415 -151872.687500 
432,428 -79897.976562 
432,432 121957.398438 
433,79 8821.453125 
433,414 -84499.476562 
433,415 -84499.476562 
433,416 -88446.851562 
433,417 -88446.851562 
433,433 362438.187500 
434,414 2940.484375 
434,415 2940.484375 
434,416 2940.484375 
434,417 2940.484375 
434,433 -20323.066406 
434,434 1027.284668 
435,435 7002.678223 
436,436 460.498566 
437,425 33422.464844 
437,426 -492922.875000 
437,437 300550.906250 
438,426 20755.503906 
438,437 -27118.142578 
438,438 2085.027588 
439,426 2828.534424 
439,437 -3548.511475 
439,439 484.906799 
440,437 69.497131 
440,439 -370.658691 
440,440 124.728470 
441,426 5509.641602 
441,437 -7195.579102 
441,441 2062.082520 
442,437 403.502380 
442,441 -2619.811035 
442,442 1108.154297 
443,443 2641905.750000 
444,443 -216832.578125 
444,444 1751729.125000 
445,48 14472.455078 
445,53 263605.531250 
445,54 -416285.687500 
445,445 89022.812500 
446,54 8622.607422 
446,445 -16125.974609 
446,446 2183.596680 
447,48 11534.024414 
447,53 210084.093750 
447,54 -459576.250000 
447,74 7534.662109 
447,80 -908983.187500 
447,445 -104031.203125 
447,447 1566747.875000 
448,80 10653.034180 
448,81 -94994.226562 
448,448 31845.828125 
449,54 10813.147461 
449,80 35014.007812 
449,445 4934.859863 
449,447 -244502.000000 
449,449 4299522.500000 
450,80 11774.403320 
450,81 -459090.437500 
450,447 147058.828125 
450,449 -8540670.000000 
450,450 4825956.000000 
451,81 3748.687744 
451,449 42735.039062 
451,450 -47396.863281 
451,451 456.570892 
452,74 5024.698730 
452,76 3673.094971 
452,78 -50508.437500 
452,80 -87699.039062 
452,452 56341.429688 
453,78 3870.118164 
453,80 3756.291504 
453,452 -10562.361328 
453,453 1467.975708 
454,78 34305.316406 
454,79 -368962.687500 
454,454 170841.453125 
455,79 13574.048828 
455,454 -16161.907227 
455,455 1293.929321 
456,456 11145.594727 
457,456 -3151.565918 
457,457 589.122192 
458,426 13487.997070 
458,437 -55546.210938 
458,443 91911.765625 
458,444 -3309014.000000 
458,458 1752134.000000 
459,437 554.646545 
459,444 23364.486328 
459,458 -25091.095703 
459,459 349.375519 
460,437 780.039124 
460,439 -341.230621 
460,444 31645.562500 
460,458 -34819.414062 
460,460 2671.361084 
461,439 100.644127 
461,458 550.357605 
461,460 -1596.181396 
461,461 472.589783 
462,79 21367.517578 
462,416 -190006.750000 
462,417 -190006.750000 
462,462 243037.359375 
463,416 10787.485352 
463,417 10787.485352 
463,462 -26287.955078 
463,463 2356.489746 
464,80 1256.818115 
464,81 -6350.611328 
464,448 -5221.904785 
464,464 7447.092773 
465,81 503.402924 
465,448 530.211548 
465,464 -4810.960938 
465,465 8587.952148 
466,54 18037.521484 
466,423 79744.843750 
466,424 -150519.937500 
466,425 -200004.234375 
466,466 171422.843750 
467,424 10585.373047 
467,425 7538.068848 
467,466 -23073.810547 
467,467 2475.185791 
468,468 100000000.000000 
469,469 100000000.000000 
470,420 -7491277.000000 
470,443 -4892413.000000 
470,470 7716051.000000 
471,471 5084.043945 
472,471 -2367.767578 
472,472 608.660645 
473,400 -200040896.000000 
473,473 100081816.000000 
474,353 21.370626 
474,357 18.293940 
474,359 -1628.080322 
474,363 -806.395325 
474,388 117.601410 
474,392 85.653786 
474,393 -1636.283325 
474,394 486.165833 
474,395 -21218.341797 
474,400 40950.039062 
474,473 -41250.128906 
474,474 4787.465332 
475,3 -885.148682 
475,475 1020.628784 
476,15 77007.492188 
476,410 488997.625000 
476,411 -578146.375000 
476,476 6603.548828 
477,15 107675.484375 
477,410 683739.375000 
477,411 -818476.312500 
477,477 52330.632812 
478,4 40939.980469 
478,6 381679.375000 
478,7 5618.293457 
478,38 18.226210 
478,101 14512.950195 
478,102 303875.281250 
478,103 -202705888.000000 
478,410 260.881775 
478,411 10966.147461 
478,412 -33532.761719 
478,471 -113050.335938 
478,477 -1671962.750000 
478,478 103956984.000000 
479,358 -7789.730957 
479,361 -5939.742188 
479,393 -2439.208740 
479,395 11356.799805 
479,396 2071.757812 
479,406 -256724.921875 
479,479 14154.550781 
480,358 423.721649 
480,361 -509153.187500 
480,393 145.568863 
480,406 216.337891 
480,479 -5667.853027 
480,480 259106.656250 
481,471 -247.211090 
481,481 723.191956 
482,411 1582.516602 
482,476 -6225.398926 
482,482 12343.788086 
483,395 4737875.000000 
483,396 864304.187500 
483,406 -206699200.000000 
483,476 2548.225342 
483,482 -802349.875000 
483,483 101581008.000000 
484,471 11.574988 
484,481 -226.249146 
484,484 498.046661 
485,471 11.141618 
485,481 -175.355988 
485,485 162.083694 
486,15 78348.398438 
486,41 8333333.000000 
486,44 -209346304.000000 
486,410 497512.406250 
486,411 -1086722.750000 
486,486 102036256.000000 
487,487 32.991524 
488,488 32.991524 
489,489 48.561954 
490,490 50.085922 
491,471 7.282710 
491,481 -161.283905 
491,485 -450.994995 
491,487 -271.754211 
491,488 -271.754211 
491,491 1727.947510 
492,471 -22667.595703 
492,481 -34584.843750 
492,485 140.476089 
492,487 97.147156 
492,488 97.147156 
492,489 -69990.296875 
492,490 -71080.796875 
492,491 -170455.968750 
492,492 100734136.000000 
493,493 126.246796 
494,494 14872.095703 
495,495 2143.347412 
496,496 91827.367188 
497,497 10850.702148 
498,498 403.219269 
499,499 7626.827637 
500,499 -4988.259766 
500,500 1550.003174 
501,501 51976.109375 
502,501 -11579.599609 
502,502 14602.088867 
503,503 14766.017578 
504,72 1214.771484 
504,120 6458.280762 
504,121 -23891.183594 
504,130 3169.371338 
504,156 10656.434570 
504,184 1519.830933 
504,213 -35162.390625 
504,504 38407.531250 
505,121 3644.314941 
505,213 5252.101074 
505,494 -50545.968750 
505,501 -9674.878906 
505,504 -34893.156250 
505,505 85571.335938 
506,46 100000000.000000 
506,47 1049318.000000 
506,48 -303384000.000000 
506,443 -1826424.375000 
506,506 103124840.000000 
507,501 -30447.119141 
507,503 -17906.582031 
507,507 87443.101562 
508,501 699.633118 
508,503 516.467468 
508,507 -6747.916992 
508,508 70248.484375 
509,501 3084.325439 
509,503 2276.841553 
509,507 -64079.886719 
509,509 832105.187500 
510,414 16680.568359 
510,415 16680.568359 
510,416 16680.568359 
510,417 16680.568359 
510,433 -590633.000000 
510,435 -228463.156250 
510,510 7003713.000000 
511,507 641.480103 
511,509 -11390.407227 
511,511 887.360046 
512,512 9802.960938 
513,495 -10722.366211 
513,503 -17045.685547 
513,513 34338.609375 
514,495 434.299255 
514,503 521.159119 
514,513 -2004.046021 
514,514 802.277893 
515,501 1191.383667 
515,503 879.476501 
515,507 -15776.541016 
515,509 -132259.578125 
515,515 473540.625000 
516,423 -118599.359375 
516,424 -93313.093750 
516,443 -711161.562500 
516,507 8538.250977 
516,509 34435.265625 
516,515 -646589.250000 
516,516 745928.187500 
517,507 211.911041 
517,509 854.649597 
517,515 -7400.960938 
517,517 757.907532 
518,507 372.578217 
518,509 1502.629761 
518,515 -12842.268555 
518,518 330.578583 
519,425 597.800110 
519,426 -5115.841797 
519,519 8657.109375 
520,433 432900.406250 
520,435 199242.828125 
520,507 12631.045898 
520,509 -864346.500000 
520,510 -12772642.000000 
520,512 -278917.625000 
520,520 7387840.000000 
521,494 5060.215332 
521,496 -249534.343750 
521,501 -21415.695312 
521,503 1676.502319 
521,504 2963.840820 
521,505 -33732.726562 
521,507 -31880.500000 
521,521 270850.500000 
522,496 31565.667969 
522,497 -37986.003906 
522,501 5739.061523 
522,503 1723.632935 
522,505 4322.269043 
522,507 -18268.601562 
522,521 -81347.093750 
522,522 67859.632812 
523,497 1250.500366 
523,498 -5373.638672 
523,507 482.120453 
523,521 1250.500366 
523,522 -6098.747070 
523,523 61269.566406 
524,524 48639.261719 
525,525 6200.012695 
526,494 2147.027832 
526,501 327.242218 
526,504 1257.545044 
526,505 -6413.209961 
526,526 5147.287598 
527,505 377.803284 
527,526 -4752.843750 
527,527 22421.439453 
528,528 113092.179688 
529,528 -104386.296875 
529,529 38446.738281 
530,530 68496.164062 
531,501 -18388.121094 
531,505 575.347473 
531,526 -9015.778320 
531,531 41672.402344 
532,501 2285.841797 
532,526 1755.467041 
532,531 -39321.667969 
532,532 278650.156250 
533,524 -60202.125000 
533,533 25195.275391 
534,436 -16360.058594 
534,501 3199.488037 
534,507 27921.263672 
534,509 -870061.750000 
534,526 2457.123535 
534,531 -71056.960938 
534,534 548961.500000 
535,436 460.498566 
535,509 11294.332031 
535,531 1613.476074 
535,534 -16703.957031 
535,535 1405.115601 
536,436 1212.385986 
536,501 -39676.300781 
536,507 1652.564453 
536,509 36400.250000 
536,515 -111822.726562 
536,531 4247.908691 
536,534 -81320.820312 
536,536 487844.937500 
537,54 71736.007812 
537,80 232288.062500 
537,445 32738.585938 
537,447 -1051790.125000 
537,501 17844.396484 
537,515 33602.148438 
537,534 23540.494141 
537,536 -667887.750000 
537,537 818068.937500 
538,501 905.423889 
538,515 1704.971680 
538,534 1194.443604 
538,536 -17005.697266 
538,538 11217.034180 
539,501 778.664612 
539,515 1466.275757 
539,534 1027.221558 
539,536 -13029.833984 
539,539 330.578583 
540,495 3429.355469 
540,503 4115.226562 
540,513 -20802.968750 
540,540 9126.612305 
541,541 195.882416 
542,436 858.369202 
542,501 2676.659424 
542,509 21052.632812 
542,515 5040.322266 
542,531 3007.519043 
542,534 -36384.414062 
542,536 -59714.175781 
542,542 66032.453125 
543,469 -200751008.000000 
543,534 1716.738403 
543,536 2682.403809 
543,541 -141204.953125 
543,542 -443436.437500 
543,543 101507632.000000 
544,468 -200181792.000000 
544,469 181818.203125 
544,541 254.469116 
544,542 780.335754 
544,543 -365332.375000 
544,544 100363928.000000 
545,81 392.590942 
545,418 -3331.852539 
545,448 413.498291 
545,464 -3324.710449 
545,534 858.369202 
545,536 1341.201904 
545,542 -7065.666016 
545,545 5226.157715 
546,52 4098.360840 
546,123 3731.343018 
546,124 3267.974121 
546,125 -55337.578125 
546,534 3603.604004 
546,536 5630.631348 
546,542 -40275.492188 
546,546 36134.246094 
547,501 1735.508545 
547,503 1281.148193 
547,507 -10271.951172 
547,509 4890.214844 
547,515 -45986.109375 
547,547 7924.978027 
548,548 63.088261 
549,549 72.802246 
550,550 1248.610962 
551,548 -584.352600 
551,551 4306.927246 
552,548 139.103500 
552,551 -1764.091064 
552,552 1232.181274 
553,3 410.443329 
553,13 24.399471 
553,34 -1637.740479 
553,503 -4366.483398 
553,553 4622.629395 
554,531 1932.276978 
554,532 -31637.582031 
554,554 123658.703125 
555,548 122.953781 
555,551 -1925.034790 
555,555 3449.216553 
556,551 251.705338 
556,555 -3404.201660 
556,556 22688.916016 
557,551 132.988663 
557,555 -720.596130 
557,557 632.389709 
558,551 52.750389 
558,552 -416.905823 
558,555 142.236160 
558,557 -2126.782227 
558,558 10673.018555 
559,555 1055.854614 
559,556 -14580.528320 
559,559 5462.943359 
560,551 255.293457 
560,552 -803.938232 
560,560 401.911072 
561,34 352.278900 
561,503 616.082153 
561,553 -7182.426270 
561,561 40253.519531 
562,553 3613.238281 
562,561 -46517.312500 
562,562 20619.638672 
563,1 -8633.921875 
563,2 -234.825348 
563,549 -344.477753 
563,561 1143.275146 
563,562 -1484.228516 
563,563 1013.809143 
564,414 1943.710083 
564,415 1943.710083 
564,416 1943.710083 
564,417 1943.710083 
564,433 -15158.232422 
564,456 -17805.929688 
564,551 169.549576 
564,555 -1885.763306 
564,564 12868.678711 
565,565 25.175919 
566,3 85.622673 
566,11 -1432.154053 
566,548 196.118835 
566,550 -5495.353027 
566,551 -4472.637695 
566,553 1036.355469 
566,555 -1332.187988 
566,561 -12434.712891 
566,566 14443.905273 
567,1 19.406229 
567,2 19.406229 
567,11 41.126411 
567,549 28.894087 
567,550 149.537384 
567,551 104.491562 
567,555 31.510857 
567,561 164.027435 
567,562 28.649643 
567,563 -150.613739 
567,565 -88.577118 
567,566 -562.076355 
567,567 159.664963 
568,525 -19117.722656 
568,568 26914.009766 
569,569 403.219269 
570,570 216.262909 
571,571 130.612213 
572,572 220.785126 
573,573 342.935608 
574,532 3361.796875 
574,554 -41599.000000 
574,574 8734.386719 
575,575 160000.000000 
576,576 563.735291 
577,577 804994.562500 
578,494 2616.979004 
578,501 398.870453 
578,504 1532.802246 
578,505 -7264.133301 
578,530 -2987.383545 
578,578 2114.416016 
579,555 128.234711 
579,556 -1271.124756 
579,559 -1421.666626 
579,570 -1458.349976 
579,579 7133.817383 
580,556 22.992525 
580,559 26.171024 
580,570 42.874287 
580,579 -295.068939 
580,580 280.452301 
581,575 -331059.593750 
581,581 182883.656250 
582,498 3937.317139 
582,522 2353.881836 
582,523 -89592.320312 
582,576 -3104.355957 
582,582 43845.847656 
583,530 -2700.937012 
583,583 899.008545 
584,584 2730.486572 
585,584 -7951.427734 
585,585 14855.271484 
586,586 6.441804 
587,579 40.324375 
587,580 -1155.919556 
587,587 4465.750488 
588,588 100.082626 
589,589 36.909683 
590,590 138.766510 
591,589 -133.264908 
591,591 251.541824 
592,592 57.218571 
593,593 111.037003 
594,594 4056.960205 
595,588 -98.658936 
595,590 -93.617004 
595,595 89.702545 
596,596 487.198792 
597,586 -37.696293 
597,588 -110.214333 
597,596 -166.361130 
597,597 151.641251 
598,580 194.806519 
598,587 -1139.588623 
598,598 198.373413 
599,599 36.465260 
600,594 -26106.650391 
600,600 119840.671875 
601,589 59.445538 
601,591 -389.220642 
601,594 299.878876 
601,600 -1742.459473 
601,601 572.084106 
602,591 51.336498 
602,600 24.701460 
602,601 -178.989365 
602,602 103.980644 
603,596 -462.666534 
603,603 2418.482666 
604,593 -435.588989 
604,596 31.415119 
604,603 -386.928101 
604,604 948.638794 
605,596 71.200706 
605,603 -882.326416 
605,605 979.071533 
606,606 14.016908 
607,501 1106.544189 
607,502 -7471.645020 
607,584 1776.735718 
607,585 -8762.351562 
607,596 -1346.754150 
607,603 222.863968 
607,605 -2735.778320 
607,607 10672.998047 
608,608 1945.611694 
609,501 366.001373 
609,502 -1556.224243 
609,609 412.512726 
610,606 -182.104431 
610,608 -3662.768066 
610,610 2015.666870 
611,592 -203.638748 
611,611 374.683777 
612,593 82.646347 
612,603 37.944538 
612,604 -303.083252 
612,612 61.514793 
613,501 907.003113 
613,502 -4977.460938 
613,584 1553.132446 
613,585 -6231.911133 
613,613 3762.106201 
614,580 538.181396 
614,587 -4114.272461 
614,614 1514.027832 
615,592 89.201576 
615,593 79.889381 
615,603 36.678761 
615,604 -380.393707 
615,611 -456.729828 
615,615 375.349915 
616,590 -141.257736 
616,616 54.385181 
617,617 2603.082031 
618,618 760.289062 
619,507 2111.173828 
619,508 -78154.898438 
619,619 32558.087891 
620,508 877.192993 
620,619 -937.642334 
620,620 50.266167 
621,555 732.439758 
621,556 -12967.978516 
621,621 18840.498047 
622,622 155.419098 
623,623 339.241180 
624,556 3951.320312 
624,621 -21756.273438 
624,624 12267.955078 
625,622 -315.847015 
625,625 293.373169 
626,626 72.323654 
627,627 250.360687 
628,628 1857.956421 
629,618 -51994.027344 
629,629 26265966.000000 
630,630 776.690613 
631,628 -2732.817627 
631,630 -397.526428 
631,631 1533.019287 
632,619 10.449320 
632,620 -37.150433 
632,632 114.203842 
633,591 40.888992 
633,600 19.674458 
633,601 -117.413849 
633,633 17.462828 
634,620 14.275027 
634,626 -117.965065 
634,632 -158.092072 
634,634 155.203262 
635,622 68.898392 
635,625 -231.220978 
635,626 -78.228775 
635,630 -202.422424 
635,635 349.240967 
636,625 32.327381 
636,626 14.405958 
636,630 21.771788 
636,635 -133.838974 
636,636 64.636002 
637,618 50454.101562 
637,629 -50625168.000000 
637,637 25000000.000000 
638,621 2021.181519 
638,624 -3083.000977 
638,638 530.909302 
639,507 679.869568 
639,508 -20633.914062 
639,618 -2233.378662 
639,623 -1230.231934 
639,627 -1835.422974 
639,639 10035.211914 
640,601 25.973217 
640,602 -74.988037 
640,640 24.507399 
641,620 3.691034 
641,622 -28.758743 
641,632 -25.162739 
641,641 12.677344 
642,623 -292.397278 
642,628 -603.068176 
642,642 321.358673 
643,618 1159.864136 
643,629 -602295.875000 
643,643 13211.777344 
644,644 7711.231934 
645,645 1038.942993 
646,646 1241.585693 
647,531 6104.239258 
647,532 -75034.867188 
647,647 17538.603516 
648,648 7666.666504 
649,649 8011.136230 
650,645 -2037.303955 
650,650 1914.832642 
651,651 1283.970337 
652,531 4905.688477 
652,532 -421938.843750 
652,644 -232231.718750 
652,652 16747385.000000 
653,532 405.524841 
653,644 246.694305 
653,645 454.400787 
653,650 -1283.947266 
653,652 -18314.167969 
653,653 1023.622498 
654,654 34139.289062 
655,655 109326.187500 
656,656 16.324863 
657,655 -41840.085938 
657,657 35408.699219 
658,658 88950.437500 
659,584 150.501328 
659,585 -618.583313 
659,659 4329.109375 
660,660 1339.944458 
661,661 250000.000000 
662,644 -5748.748047 
662,662 8171.725586 
663,531 2464.095703 
663,532 125190.187500 
663,644 185185.187500 
663,652 -24905204.000000 
663,663 11419027.000000 
664,646 -2905.784424 
664,664 3608.837402 
665,655 -167683.812500 
665,665 115661.265625 
666,532 8866.427734 
666,644 5393.743652 
666,652 -457840.812500 
666,666 388631.562500 
667,667 30.189585 
668,531 3399.828613 
668,532 -32965.773438 
668,644 8818.344727 
668,652 -684822.125000 
668,668 49293.457031 
669,669 160000.000000 
670,651 -1588.731445 
670,670 4786.238770 
671,658 -63554.714844 
671,671 34140.101562 
672,531 696.722351 
672,532 -14887.527344 
672,644 1875.468506 
672,649 -28378.398438 
672,658 -153033.468750 
672,662 -41299.570312 
672,672 384344.218750 
673,531 1761.222290 
673,532 -18863.283203 
673,649 970.873535 
673,658 4045.307373 
673,662 1411.153320 
673,672 -16432.369141 
673,673 3255.698730 
674,674 116007.406250 
675,674 -223884.937500 
675,675 124923.218750 
676,532 1694.326904 
676,644 1030.715576 
676,652 -79123.507812 
676,676 29721.416016 
677,531 1517.437744 
677,532 -41620.894531 
677,585 205.998688 
677,654 -45030.859375 
677,659 -63206.390625 
677,661 -722753.125000 
677,677 893982.000000 
678,532 122.819954 
678,648 -10446.935547 
678,654 173.220169 
678,656 -312.580627 
678,659 271.739136 
678,661 2173.913086 
678,677 -4429.693359 
678,678 5376.306641 
679,658 6998.877930 
679,669 -34657.214844 
679,671 -16203.648438 
679,679 14365.988281 
680,680 10723.472656 
681,652 51098.621094 
681,666 -1189910.625000 
681,681 2681167.250000 
682,532 1525.901611 
682,649 4705.879883 
682,655 22522.525391 
682,658 19607.837891 
682,662 6839.941406 
682,665 -49353.820312 
682,672 -97375.507812 
682,682 43154.742188 
683,683 2.493339 
684,684 3.698225 
685,685 3.114918 
686,112 -180077.718750 
686,686 107920.648438 
687,112 5242.466309 
687,686 -6364.432129 
687,687 336.672241 
688,112 6985.680176 
688,686 -9773.113281 
688,688 5070.507812 
689,683 -18.041895 
689,684 -22.634565 
689,686 107.810059 
689,688 -357.403748 
689,689 96.961380 
690,112 74204.914062 
690,113 -202194112.000000 
690,690 103610408.000000 
691,113 49900.199219 
691,685 -17724.394531 
691,690 -100897.203125 
691,691 100819272.000000 
692,685 17649.128906 
692,690 49900.199219 
692,691 -200408800.000000 
692,692 100000000.000000 
693,683 3.055992 
693,684 3.721844 
693,688 8.533832 
693,689 -88.856094 
693,693 1300.687744 
694,113 1612903.000000 
694,686 203.240875 
694,688 -2154.272461 
694,690 -1672075.750000 
694,694 35325.769531 
695,685 60.235928 
695,688 152.523926 
695,689 66.053200 
695,690 3129.763916 
695,691 -345648.000000 
695,693 -4186.792969 
695,694 -5037.791016 
695,695 7500.947266 
696,95 2404.134521 
696,265 1246.431885 
696,300 -13710.423828 
696,696 5029.927734 
697,113 126422.296875 
697,690 -128980.750000 
697,697 550.045044 
698,690 136.672745 
698,697 -370.419983 
698,698 116.873611 
699,142 232.385223 
699,237 61.423393 
699,351 113.107819 
699,366 -1058.341553 
699,686 93.641823 
699,688 -376.648773 
699,699 736.335388 
700,366 122.210533 
700,686 180.308853 
700,688 -607.758667 
700,699 -338.472229 
700,700 235.400284 
701,110 418455.812500 
701,111 -200569504.000000 
701,701 100000000.000000 
702,237 -4874.411133 
702,686 558.216492 
702,688 -2785.629639 
702,702 2580.953125 
703,96 72411.296875 
703,145 -200220096.000000 
703,703 100000000.000000 
704,94 1161.039429 
704,96 -109052.937500 
704,145 148.006516 
704,270 344.331268 
704,318 -1910.849609 
704,704 435.882538 
705,94 48007.679688 
705,96 -200228992.000000 
705,705 100000000.000000 
706,706 122.096306 
707,471 -29137.224609 
707,481 34415.121094 
707,489 69686.406250 
707,490 70771.406250 
707,491 169133.203125 
707,492 -201042592.000000 
707,493 -113245.625000 
707,706 -111366.476562 
707,707 101356976.000000 
708,103 206749.500000 
708,412 67.259666 
708,471 -3643.795410 
708,477 3315.949707 
708,478 -212431.781250 
708,708 6226.705566 
709,38 3.622263 
709,103 6028.453613 
709,410 51.847454 
709,412 -98.978729 
709,471 843.270447 
709,477 96.687294 
709,478 -5502.208984 
709,481 49.225933 
709,484 -714.500305 
709,708 -4003.354492 
709,709 1972.901733 
710,3 160775.453125 
710,8 4975.867188 
710,26 6188.501953 
710,34 66.340538 
710,35 -200356192.000000 
710,475 -123455.359375 
710,503 116.019485 
710,553 -50782.027344 
710,710 100346704.000000 
711,36 -200241504.000000 
711,711 100483592.000000 
712,712 116.369942 
713,713 119.442162 
714,358 394.855865 
714,361 79.493652 
714,362 -1425.259277 
714,388 109.745857 
714,393 135.652069 
714,401 -1530.930908 
714,406 201.600006 
714,479 -1860.529907 
714,712 -1219.327271 
714,713 -1236.863770 
714,714 10453.856445 
715,360 -331.598877 
715,362 286.645782 
715,401 292.325256 
715,479 210.946259 
715,712 270.566528 
715,713 274.114807 
715,714 -3395.463379 
715,715 1097.798950 
716,395 1667.678467 
716,396 -2190.818115 
716,397 -378934.562500 
716,406 -38584.015625 
716,716 137300.125000 
717,395 1645.209595 
717,396 -2011.091064 
717,397 -344074.000000 
717,406 -37965.085938 
717,716 -3256.819824 
717,717 120139.453125 
718,718 210.650101 
719,719 210.650101 
720,720 210.650101 
721,721 210.650101 
722,722 210.650101 
723,723 210.650101 
724,3 95.406227 
724,8 -4865.252441 
724,36 117096.007812 
724,38 70.516724 
724,410 1009.344788 
724,412 -3379.703369 
724,475 -2066.320801 
724,711 -119214.992188 
724,718 -2486.573486 
724,719 -2486.573486 
724,720 -2486.573486 
724,721 -2486.573486 
724,722 -2486.573486 
724,723 -2486.573486 
724,724 24589.720703 
725,8 58.841190 
725,31 37.820072 
725,32 37.820072 
725,33 23.423412 
725,100 -2796.783203 
725,412 28.476318 
725,475 24.766771 
725,711 26.492315 
725,718 32.836639 
725,719 32.836639 
725,720 32.836639 
725,721 32.836639 
725,722 32.836639 
725,723 32.836639 
725,724 -440.408997 
725,725 1432.594360 
726,358 236.515656 
726,361 47.616096 
726,393 81.254555 
726,406 120.756866 
726,471 204.686935 
726,479 -827.466614 
726,492 402414.500000 
726,493 452.151337 
726,706 444.656769 
726,707 -406957.750000 
726,726 2050.208496 
727,727 518.807190 
728,727 -65.470001 
728,728 518.807190 
729,729 508.211151 
730,729 -22.702080 
730,730 512.177124 
731,44 515463.906250 
731,410 -780812.375000 
731,411 2564.496826 
731,486 -531700.875000 
731,727 -5015.745605 
731,728 -5046.415527 
731,729 -5195.872559 
731,730 -5229.675781 
731,731 45666.703125 
732,31 2.517754 
732,32 2.517754 
732,33 1.559341 
732,100 -102.130043 
732,732 5.612668 
733,471 22.701172 
733,481 -354.791321 
733,484 -268.911072 
733,733 256.953217 
734,8 161.639542 
734,36 124378.101562 
734,362 273.738251 
734,401 279.161987 
734,412 78.225800 
734,475 68.035492 
734,479 201.447449 
734,481 5.696439 
734,485 16.355499 
734,487 11.310752 
734,488 11.310752 
734,491 -169.632446 
734,711 -125160.109375 
734,712 258.383057 
734,713 261.771545 
734,714 -3516.605469 
734,718 90.203804 
734,719 90.203804 
734,720 90.203804 
734,721 90.203804 
734,722 90.203804 
734,723 90.203804 
734,724 -1251.617554 
734,734 1986.854858 
735,735 14.058983 
736,736 25.610979 
737,737 108.507011 
738,738 637.690247 
739,739 44.444450 
740,135 -201493200.000000 
740,740 102396792.000000 
741,135 290697.718750 
741,740 -296090.718750 
741,741 4407.588379 
742,131 1610.021118 
742,132 -4243.304199 
742,135 94161.960938 
742,736 -517.270203 
742,738 -3091.020508 
742,740 -96198.515625 
742,742 9438.484375 
743,132 771.073425 
743,143 -41981.476562 
743,161 -456.838196 
743,172 13.005857 
743,221 8.429571 
743,222 -417.220276 
743,735 -258.339905 
743,736 182.232407 
743,737 -787.150208 
743,738 909.321350 
743,740 339.068939 
743,742 -5844.337891 
743,743 4244.486816 
744,135 806451.562500 
744,739 -848.745850 
744,740 -825788.250000 
744,744 14555.264648 
745,143 -300191200.000000 
745,745 100090624.000000 
746,143 45318.828125 
746,161 24.950848 
746,222 10.787396 
746,735 15.155744 
746,737 42.104565 
746,742 145.550201 
746,743 -297.990295 
746,745 -45369.750000 
746,746 73.497620 
747,747 6908.878906 
748,747 -1848.737061 
748,748 1278.357056 
749,740 875.595459 
749,741 -5297.447266 
749,749 11987.097656 
750,750 1307.097900 
751,750 -417.234924 
751,751 84.633224 
752,752 202.765915 
753,741 2390.514404 
753,749 -14988.150391 
753,753 6298.816406 
754,754 10347.934570 
755,160 94.256210 
755,172 -953.567627 
755,755 1184.474243 
756,739 222.222275 
756,740 2688.172363 
756,744 -6059.833008 
756,756 3739.291992 
757,744 927.213867 
757,747 314.183838 
757,748 -2758.178223 
757,752 -1173.625122 
757,754 -8617.041992 
757,756 -4504.184570 
757,757 10155.742188 
758,747 -10181.571289 
758,758 4565.376953 
759,740 209.285599 
759,741 -723.853638 
759,750 -1895.078491 
759,759 1166.468262 
760,760 38.916428 
761,137 -1104.326782 
761,760 -208.215317 
761,761 736.504211 
762,752 -91.845856 
762,762 72.587288 
763,752 18.096466 
763,762 -58.314449 
763,763 20.108990 
764,172 235.404892 
764,755 -1485.404785 
764,764 625.000000 
765,754 -9520.498047 
765,765 3501.278320 
766,137 38.646805 
766,760 29.509476 
766,761 -161.752899 
766,766 49.786446 
767,137 65.359474 
767,760 49.906425 
767,761 -281.108887 
767,767 64.000000 
768,761 11.000856 
768,766 -37.053398 
768,768 78.801331 
769,766 7.047215 
769,768 -36.082771 
769,769 9.182736 
770,498 73.811142 
770,522 44.127186 
770,523 -37681.335938 
770,770 100073608.000000 
771,771 22.041487 
772,766 8.188666 
772,768 -60.186531 
772,771 -60.614082 
772,772 67.502037 
773,525 517.686768 
773,568 -1354.555908 
773,773 1761.736206 
774,568 60.428513 
774,773 -470.259338 
774,774 84.477722 
775,775 7738.884766 
776,571 -1792.486206 
776,575 3862.868164 
776,581 -5534.166504 
776,775 -18522.613281 
776,776 21145.232422 
777,777 592.736023 
778,778 756.817139 
779,498 232.950394 
779,522 139.266846 
779,523 -3482.155762 
779,778 -2204.818604 
779,779 2770.429443 
780,505 317.914429 
780,523 41.108894 
780,530 -1436.912842 
780,578 -1479.808228 
780,583 -1093.712891 
780,778 97.485146 
780,779 -377.530762 
780,780 2905.674561 
781,507 253.607849 
781,508 -6360.214844 
781,571 80.767281 
781,581 68.248558 
781,775 -512.427063 
781,776 -1287.362793 
781,781 1350.401611 
782,556 161.607269 
782,559 183.947937 
782,570 301.349945 
782,579 -8103.898926 
782,594 17692.855469 
782,600 -182552.375000 
782,782 96726.218750 
783,556 61.951584 
783,559 70.515800 
783,570 115.521454 
783,572 -747.578003 
783,579 -680.946228 
783,600 3538.569580 
783,782 -4413.521484 
783,783 1256.926514 
784,576 -508.320190 
784,784 625.239502 
785,569 -2110.929443 
785,785 7232.476562 
786,569 535.475281 
786,577 -1687009.125000 
786,785 -36825.097656 
786,786 1679349.000000 
787,523 115.777756 
787,778 274.554016 
787,779 -712.906677 
787,787 353.379089 
788,569 337.484344 
788,785 -4813.245605 
788,788 40539.484375 
789,785 49.286564 
789,788 -608.979309 
789,789 39.914494 
790,513 105.878799 
790,514 -1087.081665 
790,790 4622.767578 
791,514 371.272430 
791,790 -3318.608154 
791,791 1082.063965 
792,792 332.509064 
793,777 -39203.472656 
793,793 100156464.000000 
794,777 15.270721 
794,793 -39203.472656 
794,794 592.736023 
795,513 71.828972 
795,514 -927.236694 
795,525 6200.012695 
795,568 -22946.222656 
795,773 -1030.593628 
795,777 -882.405518 
795,790 -4663.326660 
795,793 22.653778 
795,794 -882.405518 
795,795 16350.429688 
796,569 119.312668 
796,571 28.707788 
796,573 -1829.566406 
796,575 1876.172852 
796,581 -2358.139160 
796,630 -1902.325928 
796,775 199.359680 
796,776 -566.923096 
796,785 -827.832031 
796,788 -2588.439697 
796,796 6444.565918 
797,530 -1758.230469 
797,569 221.027100 
797,571 39.259949 
797,575 2971.768066 
797,578 37.629692 
797,581 -3941.734863 
797,583 33.116104 
797,775 272.638580 
797,776 -868.388672 
797,779 9.000726 
797,780 -409.647461 
797,785 -2117.972168 
797,797 11529.154297 
798,530 23.131769 
798,581 35.797531 
798,776 16.552210 
798,780 12.238627 
798,785 53.036278 
798,797 -569.502930 
798,798 117.088638 
799,573 404.334503 
799,575 2348.796143 
799,581 -2631.225342 
799,630 384.064423 
799,776 54.845673 
799,785 129.732986 
799,788 200.680710 
799,792 -571.529358 
799,796 -2580.074219 
799,799 1435.602905 
800,513 1589.572632 
800,540 -3138.951172 
800,777 -1099.384888 
800,793 57.214897 
800,794 -1099.384888 
800,800 2574.731201 
801,568 37.123779 
801,773 -268.885162 
801,801 31.883265 
802,498 82.060982 
802,522 49.059261 
802,523 -42068.480469 
802,568 95.284355 
802,569 91.191284 
802,576 152.004822 
802,577 -97800.218750 
802,773 -146211.609375 
802,784 -146816.843750 
802,785 -46011.234375 
802,802 100934776.000000 
803,530 -128262.359375 
803,581 33.511143 
803,583 -2461.131104 
803,776 15.495021 
803,780 11.456946 
803,785 49.648849 
803,797 -1793.340576 
803,803 84221.664062 
804,530 10570.821289 
804,583 349.381561 
804,797 205.027252 
804,803 -15257.462891 
804,804 2066.115234 
805,530 90.409935 
805,581 139.913727 
805,776 64.693893 
805,780 47.834362 
805,785 207.290939 
805,797 -4592.340820 
805,805 18626.626953 
806,806 24.751858 
807,807 16.524559 
808,808 177.777695 
809,528 -30259.265625 
809,536 714.244812 
809,538 -10413.295898 
809,809 40934.640625 
810,74 185.818329 
810,75 -3376.642578 
810,810 1570.323853 
811,75 121.270920 
811,810 -1735.344727 
811,811 692.520813 
812,812 250000.000000 
813,813 648919.625000 
814,814 22212.773438 
815,814 -29370.699219 
815,815 12624.678711 
816,816 4622.048340 
817,816 -9893.426758 
817,817 19537.416016 
818,816 2506.265869 
818,817 -10126.731445 
818,818 2770.083252 
819,499 -10261.492188 
819,528 -56879.367188 
819,819 115989.695312 
820,499 5576.931641 
820,528 19542.699219 
820,819 -133286.187500 
820,820 54083.273438 
821,806 -764.912964 
821,821 22133.226562 
822,822 17837.070312 
823,523 36757.949219 
823,770 -200036800.000000 
823,823 100000000.000000 
824,824 100000000.000000 
825,777 39077.769531 
825,793 -300078208.000000 
825,824 -300000000.000000 
825,825 400000000.000000 
826,143 -300145920.000000 
826,826 100000000.000000 
827,132 44091.710938 
827,143 125000.000000 
827,144 -200169104.000000 
827,827 100000000.000000 
828,828 158.563751 
829,139 239.446136 
829,140 -1559.221924 
829,829 1456.878540 
830,139 180.560013 
830,140 -1141.898926 
830,830 1278.637573 
831,831 465.119080 
832,832 616.561218 
833,140 352.984192 
833,829 -618.753662 
833,830 -738.996460 
833,833 628.071716 
834,834 4334.728516 
835,835 9597.166992 
836,836 170.104462 
837,828 -54.372601 
837,837 11.559680 
838,828 -111.632248 
838,838 140.282486 
839,140 181.715149 
839,829 -467.468811 
839,839 95.149681 
840,140 134.291946 
840,830 -433.229462 
840,840 91.389763 
841,831 -328.309235 
841,841 106.130577 
842,832 -205.890045 
842,842 43.022320 
843,829 30.580292 
843,830 37.970844 
843,833 -88.082375 
843,843 9.765625 
844,834 -742.646179 
844,844 96.358482 
845,835 -161.936798 
845,845 2.643928 
846,836 -135.089554 
846,846 46.322289 
847,847 43.506897 
848,847 -138.919998 
848,848 209.246353 
849,849 61.679619 
850,850 81.358498 
851,851 3.863461 
852,852 8.652428 
853,853 26.194168 
854,849 -34.658653 
854,854 9.921252 
855,850 -101.011597 
855,855 42.328110 
856,851 -2.230855 
856,856 0.648271 
857,852 -7.840180 
857,857 2.863023 
858,851 -6.054786 
858,858 10.576824 
859,828 30.455307 
859,838 -123.405060 
859,859 44.444450 
860,828 2.782662 
860,838 -8.080785 
860,860 2.022462 
861,838 0.495223 
861,860 -1.817188 
861,861 0.660982 
862,835 -19236.775391 
862,862 10345.453125 
863,835 517.673889 
863,849 -43.330677 
863,862 -603.341614 
863,863 111.709473 
864,849 -80.061821 
864,864 685.844910 
865,849 49.201565 
865,864 -985.546753 
865,865 437.667297 
866,866 5162.593262 
867,867 26.377665 
868,868 6383.356934 
869,831 -3003.199463 
869,832 -4930.898438 
869,836 -1609.478760 
869,849 13.547321 
869,852 -309.838104 
869,862 15.281128 
869,863 -726.899109 
869,864 -790.977295 
869,866 -21267.699219 
869,868 -22104.312500 
869,869 60043.378906 
870,831 756.016113 
870,832 1226.275879 
870,836 418.547546 
870,852 83.855904 
870,863 190.860275 
870,864 195.724976 
870,866 4504.302246 
870,868 4565.584473 
870,869 -21744.023438 
870,870 6232.852539 
871,868 -665.748657 
871,869 476.324310 
871,870 -660.914062 
871,871 200.912766 
872,872 11.830202 
873,847 51.906170 
873,848 -264.668274 
873,850 -70.859657 
873,851 2.427344 
873,858 -46.896996 
873,873 367.388062 
874,828 -362.219604 
874,834 -7371.533203 
874,874 4322.169434 
875,875 72263.226562 
876,853 -1215.575806 
876,875 -113911.125000 
876,876 54005.480469 
877,138 -21676.464844 
877,866 -1022.975464 
877,868 -1073.286133 
877,869 317.925659 
877,870 -1056.595703 
877,877 20764.496094 
878,138 3260.563477 
878,828 23.567570 
878,834 285.537262 
878,866 257.941284 
878,867 -358.590332 
878,868 260.907532 
878,870 257.941284 
878,874 -664.767456 
878,877 -11368.531250 
878,878 4184.042480 
879,879 175.291504 
880,822 -16362.392578 
880,880 6009.253906 
881,881 242.093674 
882,138 -55149.273438 
882,848 52.664349 
882,850 16.823755 
882,858 13.998919 
882,872 -732.436646 
882,873 -1530.373779 
882,875 -19872.326172 
882,879 -2949.138428 
882,881 -3501.914795 
882,882 43893.894531 
883,138 928.231873 
883,866 73.431885 
883,868 74.276329 
883,870 73.431885 
883,877 -2474.040527 
883,883 240.295563 
884,884 43524.519531 
885,534 343.897919 
885,535 -1675.562256 
885,813 -9717.438477 
885,822 -5144.250000 
885,885 4498.413574 
886,886 1181.911499 
887,807 -141.545471 
887,887 945.878662 
888,806 113.070984 
888,821 -4165.729492 
888,888 1191.611694 
889,889 277008.312500 
890,890 8132.263184 
891,890 -8096.368652 
891,891 3086.420410 
892,892 34532.750000 
893,892 -20832.289062 
893,893 6200.012695 
894,894 100745584.000000 
895,556 143.650955 
895,559 163.509323 
895,570 267.866699 
895,579 -10391.348633 
895,886 -6901.882812 
895,895 236218.359375 
896,807 64.833176 
896,887 -1269.518799 
896,896 2385.707031 
897,806 571.853149 
897,807 43.663177 
897,808 -3413.298096 
897,821 -44992.687500 
897,887 -2412.197266 
897,896 -9589.073242 
897,897 58885.863281 
898,898 14369.607422 
899,892 -26811.214844 
899,899 43386.804688 
900,892 2455.855713 
900,899 -8822.962891 
900,900 1303.288086 
901,901 100217328.000000 
902,902 160000.000000 
903,555 268.319489 
903,556 -2941.886475 
903,903 764.518066 
904,904 229727.546875 
905,904 -188643.468750 
905,905 65746.250000 
906,902 -405486.031250 
906,906 376646.218750 
907,816 1882.175659 
907,817 -7831.398438 
907,907 3405.666504 
908,531 738.889893 
908,532 -10024.410156 
908,890 -3432.550781 
908,892 7086.169922 
908,899 -42624.628906 
908,908 40361.335938 
909,532 7993.605957 
909,554 -287355.562500 
909,812 -720724.375000 
909,814 -25242.785156 
909,909 886325.812500 
910,554 43572.972656 
910,812 98039.203125 
910,814 4538.852051 
910,909 -223044.500000 
910,910 38446.738281 
911,911 17313.007812 
912,531 992.925903 
912,532 -12736.787109 
912,890 512.715210 
912,899 4528.986816 
912,908 -17149.687500 
912,911 -42778.984375 
912,912 37458.312500 
913,808 720.720520 
913,821 6213.107422 
913,887 580.602173 
913,896 1778.093994 
913,897 -16625.724609 
913,901 -109400.320312 
913,913 4213.544434 
914,499 -6435.603516 
914,509 81.978981 
914,511 -1429.298950 
914,535 151.042801 
914,536 148.050766 
914,538 -2009.408203 
914,813 104.956276 
914,822 241.668518 
914,885 -2338.390381 
914,898 -6570.006348 
914,914 32772.949219 
915,915 10628.125000 
916,916 6718.624512 
917,532 105.484367 
917,808 52.576229 
917,821 453.243317 
917,887 42.354656 
917,889 -674357.625000 
917,890 -19205.062500 
917,896 129.711136 
917,897 -3933.863525 
917,899 798.824463 
917,908 -7330.252930 
917,917 569970.062500 
918,74 121.453545 
918,75 -2748.856934 
918,531 345.226776 
918,532 -4888.850586 
918,535 77.606010 
918,810 -2371.273438 
918,813 53.926685 
918,814 -5167.409180 
918,822 124.169640 
918,885 -1452.311035 
918,889 63795.839844 
918,890 2767.399658 
918,897 477.965729 
918,908 929.540710 
918,917 -119732.781250 
918,918 54210.742188 
919,75 158.528839 
919,532 338.249207 
919,810 458.064240 
919,814 712.200012 
919,885 254.874481 
919,917 6379.584473 
919,918 -15931.840820 
919,919 4882.230957 
920,528 6312.337402 
920,538 3795.931885 
920,809 -35357.621094 
920,920 12624.678711 
921,526 97.719620 
921,527 -1244.022705 
921,806 30.484827 
921,821 -1668.026367 
921,894 -253382.984375 
921,921 15239.779297 
922,902 7054.672363 
922,906 -187787.171875 
922,922 100677552.000000 
923,527 104.683556 
923,817 744.363159 
923,821 140.860962 
923,894 573.279419 
923,907 -1886.609863 
923,921 -3799.320312 
923,923 1748.987671 
924,527 132.375992 
924,821 446.133789 
924,888 -1347.788086 
924,894 724.931763 
924,921 -5907.623535 
924,924 6363.687988 
925,888 458.850250 
925,921 1131.119629 
925,924 -4618.025391 
925,925 1514.027832 
926,509 132.007645 
926,511 -2640.148193 
926,898 -32541.404297 
926,915 -32488.849609 
926,926 44964.777344 
927,527 23.717361 
927,532 275.654510 
927,556 26.934544 
927,559 30.657988 
927,570 50.224991 
927,579 -760.482239 
927,816 -4199.449219 
927,821 31.913805 
927,886 -1060.763794 
927,890 236.321625 
927,892 -12657.703125 
927,894 129.883591 
927,899 2087.509033 
927,908 -6795.763672 
927,921 -1362.795776 
927,927 19101.259766 
928,579 126.962822 
928,816 757.122681 
928,886 228.486328 
928,892 1452.137573 
928,908 744.984375 
928,921 193.618332 
928,927 -44003.765625 
928,928 1093057.750000 
929,927 37174.714844 
929,928 -2045493.625000 
929,929 999999.750000 
930,889 38417.210938 
930,890 1666.500000 
930,897 287.826111 
930,906 285.383209 
930,908 559.760010 
930,917 -68634.406250 
930,922 -165358.390625 
930,930 34346.394531 
931,917 7018.528809 
931,922 1555.887573 
931,930 -27065.542969 
931,931 9245.562500 
932,932 6200.012695 
933,526 120.625237 
933,527 -1786.050659 
933,821 146.941238 
933,894 598.025085 
933,921 -7455.084473 
933,933 35129.105469 
934,527 739.622803 
934,921 3155.368652 
934,933 -41974.523438 
934,934 17313.007812 
935,499 701.193420 
935,511 198.235733 
935,538 204.760300 
935,822 -6931.113281 
935,885 275.586914 
935,898 638.422913 
935,914 -8055.881836 
935,935 8926.113281 
936,894 -246409.593750 
936,936 100905440.000000 
937,501 529.869385 
937,502 -5118.075684 
937,527 29.978500 
937,579 23.201765 
937,816 138.360046 
937,821 40.338718 
937,884 -46678.132812 
937,886 -3464.043945 
937,892 265.370239 
937,894 567.788025 
937,908 136.141830 
937,921 -2092.714355 
937,927 -1987.028320 
937,928 -10360.252930 
937,936 -337005.906250 
937,937 39923.394531 
938,499 1888.252808 
938,511 533.831604 
938,538 551.401672 
938,885 742.131592 
938,898 1719.217407 
938,914 -20454.580078 
938,938 6200.012695 
939,902 78431.359375 
939,904 -166862.531250 
939,906 -196490.406250 
939,939 150843.765625 
940,813 -23853.798828 
940,918 907.441101 
940,919 -3643.330566 
940,940 20005.330078 
941,941 160000.000000 
942,527 147.536362 
942,921 629.417603 
942,933 -5608.249512 
942,942 688.890259 
943,943 6503.641113 
944,808 170.067963 
944,821 1466.103027 
944,887 137.004318 
944,896 419.575714 
944,897 -4676.598633 
944,904 -18448.939453 
944,943 -16502.132812 
944,944 15371.363281 
945,945 11.044742 
946,946 110.803421 
947,822 1059.063965 
947,914 1018.807190 
947,935 -4505.968262 
947,947 1214.048584 
948,536 236.219452 
948,538 -2422.144043 
948,948 12292.489258 
949,530 78.583618 
949,578 215.959335 
949,583 190.055557 
949,779 139.663193 
949,780 -2274.637207 
949,787 -1066.438965 
949,932 -14242.202148 
949,949 10431.722656 
950,950 3496.947021 
951,950 -377.918365 
951,951 716.410706 
952,538 144.170105 
952,948 -2440.442139 
952,952 6125.050781 
953,536 221.726868 
953,538 -1456.425171 
953,953 1086.334595 
954,813 2493.952393 
954,919 1707.067383 
954,940 -66305.929688 
954,941 -371299.875000 
954,954 279047.750000 
955,538 357.293152 
955,948 -1959.283691 
955,950 -4589.252930 
955,953 -2294.251953 
955,955 4779.595703 
956,950 -1480.423828 
956,956 359.381104 
957,426 133.498871 
957,519 -4043.588867 
957,538 206.719360 
957,948 -4885.893555 
957,957 23473.609375 
958,519 293.220673 
958,538 392.041382 
958,948 -5417.560547 
958,957 -3681.354004 
958,958 2803.157959 
959,940 2895.026855 
959,941 11695.908203 
959,954 -16300.864258 
959,959 854.964172 
960,948 843.348206 
960,952 -35530.855469 
960,960 216559.468750 
961,945 -69.962418 
961,961 314.293701 
962,945 20.141594 
962,961 -367.813995 
962,962 1845.645752 
963,499 96.657845 
963,511 27.326326 
963,538 28.225719 
963,885 37.989002 
963,898 88.005081 
963,914 -773.551758 
963,945 6.670741 
963,961 -57.433762 
963,963 118.486923 
964,536 471.911835 
964,538 -3111.164795 
964,948 -3471.302734 
964,964 1992.984985 
965,946 -438.427979 
965,950 21.833609 
965,951 -287.296112 
965,965 968.723267 
966,961 223.638611 
966,962 -6600.416016 
966,966 18471.607422 
967,426 556.854858 
967,519 -12193.720703 
967,948 401.331635 
967,957 -5279.741211 
967,967 8133.355957 
968,464 1768.534058 
968,465 -11233.097656 
968,945 21.060600 
968,946 62.582165 
968,951 29.505224 
968,961 -607.098999 
968,965 -649.204651 
968,968 6095.222656 
969,946 101.999229 
969,950 44.755569 
969,951 -491.557007 
969,965 -556.256470 
969,969 690.709290 
970,951 65.294868 
970,965 62.194622 
970,969 -209.883392 
970,970 41.196953 
971,962 3653.502197 
971,966 -24390.968750 
971,971 12196.662109 
972,914 19.537727 
972,961 9.729647 
972,963 -131.658035 
972,966 1131.541626 
972,971 -1448.164062 
972,972 264.904297 
973,519 1292.941772 
973,948 1456.802368 
973,952 26143.787109 
973,957 -49759.937500 
973,960 -377639.875000 
973,973 229192.187500 
974,974 999999.750000 
975,950 31.811079 
975,951 -245.817139 
975,975 52.282417 
976,976 17220.710938 
977,976 -14906.597656 
977,977 5327.934082 
978,978 143.769928 
979,552 13.854866 
979,557 76.155884 
979,558 -1454.661865 
979,979 45340.546875 
980,552 117.114632 
980,557 205.413055 
980,558 -1503.569824 
980,560 -207.467865 
980,980 319.601807 
981,981 45961.359375 
982,981 -78210.328125 
982,982 36982.250000 
983,558 958.294800 
983,974 -2216030.500000 
983,979 -297700.812500 
983,983 1478731.375000 
984,981 -2728.122314 
984,984 145.158890 
985,524 -12894.090820 
985,985 5393.752441 
986,552 36.421383 
986,557 200.196991 
986,558 -1488.518188 
986,974 7698.229004 
986,979 1603.797607 
986,983 -9513.634766 
986,986 391.649261 
987,524 1064.554321 
987,556 183.964844 
987,903 -1143.764771 
987,985 -3601.649170 
987,987 5616.874023 
988,988 638.867554 
989,524 232.924347 
989,552 43.495480 
989,557 239.081100 
989,558 -2198.497559 
989,976 -2033.438232 
989,978 -730.519897 
989,985 -649.905029 
989,989 2394.628418 
990,558 85.295326 
990,976 66.666740 
990,978 70.823441 
990,985 31.368425 
990,989 -323.931519 
990,990 34.888798 
991,552 41.747017 
991,557 229.470337 
991,558 -2800.693359 
991,916 -14813.689453 
991,991 9753.494141 
992,558 40.645184 
992,916 240.373032 
992,991 -298.217926 
992,992 8.599854 
993,515 133.954163 
993,517 -737.477234 
993,988 -679.241516 
993,993 864.542908 
994,517 52.168224 
994,988 50.029644 
994,993 -134.637512 
994,994 16.219839 
995,515 43.800335 
995,517 -236.850525 
995,988 -689.795837 
995,995 806.008545 
996,996 6200.012695 
997,517 30.781202 
997,988 93.411850 
997,995 -897.267944 
997,996 -13686.136719 
997,997 9039.022461 
998,517 17.085493 
998,552 24.280920 
998,557 133.464661 
998,558 -1084.254150 
998,981 -2463.163818 
998,988 51.849419 
998,995 -174.457794 
998,996 713.872681 
998,997 -1144.743408 
998,998 972.904663 
999,903 440.643036 
999,985 959.361145 
999,987 -4524.564453 
999,999 1562.280029 
1000,552 55.064877 
1000,557 302.674469 
1000,558 -2222.885986 
1000,1000 334.214691 
1001,524 -5124.681641 
1001,976 -9207.953125 
1001,1001 4212.228027 
1002,1002 69.213539 
1003,1003 16.686956 
1004,1004 9.976501 
1005,1005 108.507011 
1006,1006 15631.575195 
1007,1006 -535.998718 
1007,1007 17.217337 
1008,1008 596.337341 
1009,113 76248.562500 
1009,114 -201013088.000000 
1009,1009 101882368.000000 
1010,114 15673.979492 
1010,1009 -15823.269531 
1010,1010 2.456736 
1011,1011 1693.508545 
1012,1012 34.480270 
1013,1006 -16826.085938 
1013,1013 559874.500000 
1014,1014 5739.211426 
1015,1015 1197.304077 
1016,1016 16.827545 
1017,1017 5446.549805 
1018,114 211864.390625 
1018,1009 -214298.000000 
1018,1018 448.865234 
1019,114 62972.289062 
1019,1006 -1942.179810 
1019,1009 -63941.667969 
1019,1019 3630.987061 
1020,1020 1222.553345 
1021,114 42444.820312 
1021,1006 -12126.211914 
1021,1009 -43243.367188 
1021,1020 -4525.285156 
1021,1021 8922.339844 
1022,114 571428.625000 
1022,1009 -580047.062500 
1022,1022 3265.306396 
1023,1006 290.396698 
1023,1008 -2217.359375 
1023,1013 -12277.746094 
1023,1023 4406.419434 
1024,1008 170.293030 
1024,1013 105.101753 
1024,1016 -34.500610 
1024,1023 -539.655151 
1024,1024 121.124992 
1025,1008 179.558960 
1025,1013 110.820518 
1025,1023 -574.782104 
1025,1025 138.992310 
1026,207 83.342224 
1026,224 -258.852905 
1026,1026 285.029938 
1027,224 69.879250 
1027,1002 -391.778503 
1027,1008 306.784058 
1027,1013 189.341522 
1027,1023 -1321.019409 
1027,1026 -535.145508 
1027,1027 1503.291870 
1028,1002 28.058908 
1028,1023 74.992096 
1028,1025 -86.950920 
1028,1026 32.429623 
1028,1027 -157.104691 
1028,1028 60.984211 
1029,105 3703704.000000 
1029,109 -209332000.000000 
1029,1006 8755.850586 
1029,1013 -5140078.500000 
1029,1015 -366693.218750 
1029,1017 -784991.250000 
1029,1029 111573376.000000 
1030,1006 -1969.655396 
1030,1013 -26205.568359 
1030,1030 3165.552246 
1031,1006 134.144684 
1031,1013 304.993408 
1031,1030 -614.480774 
1031,1031 87.671341 
1032,1004 -71.368195 
1032,1032 377.781769 
1033,1006 455.746918 
1033,1009 273.792542 
1033,1019 -4510.257812 
1033,1033 1890.359131 
1034,1004 17.231640 
1034,1016 -19.874458 
1034,1023 12.193564 
1034,1024 -35.020603 
1034,1032 -155.260315 
1034,1034 81.407448 
1035,1002 40.781704 
1035,1003 -158.170929 
1035,1006 -3440.973633 
1035,1023 61.582401 
1035,1026 47.134235 
1035,1027 -359.841125 
1035,1035 1199.602661 
1036,1003 16.734812 
1036,1004 34.183548 
1036,1006 88.290337 
1036,1027 20.081776 
1036,1032 -371.815979 
1036,1035 -203.008911 
1036,1036 222.582245 
1037,1006 2280.215576 
1037,1013 -102555.125000 
1037,1037 14005.113281 
1038,1006 1976.186646 
1038,1013 -87262.742188 
1038,1038 10519.395508 
1039,1005 -1068.643188 
1039,1006 115.583794 
1039,1013 -5041.515625 
1039,1014 -12722.018555 
1039,1039 8495.870117 
1040,114 32393.910156 
1040,1009 -32860.199219 
1040,1011 -3761.971191 
1040,1012 -329.627930 
1040,1040 2526.434326 
1041,532 4019.261719 
1041,647 -4095.808838 
1041,654 2656.042969 
1041,659 4166.666992 
1041,661 33333.335938 
1041,677 -68731.328125 
1041,1041 7304.038574 
1042,648 -2492.849854 
1042,1042 511.865265 
1043,652 2854.288086 
1043,676 -54197.953125 
1043,1043 32359.621094 
1044,1044 2672.052246 
1045,651 -2175.572266 
1045,1045 4795.233887 
1046,674 -7419.966797 
1046,1046 5070.794434 
1047,531 611.814148 
1047,532 -7219.696289 
1047,651 1005.045166 
1047,680 -9657.622070 
1047,1045 -8507.953125 
1047,1047 11239.433594 
1048,650 179.736420 
1048,652 47.089027 
1048,653 -451.734192 
1048,1048 112.454361 
1049,532 518.806824 
1049,649 1600.000000 
1049,658 6666.667969 
1049,662 2325.581299 
1049,672 -27445.322266 
1049,1049 4379.528809 
1050,76 150150.140625 
1050,77 -51796920.000000 
1050,532 217.986023 
1050,649 672.268799 
1050,658 2801.120605 
1050,660 -91413.304688 
1050,662 977.134827 
1050,672 -99988.375000 
1050,674 9956.192383 
1050,675 -175395.046875 
1050,676 4006.409424 
1050,1043 -143469.859375 
1050,1044 -182408.312500 
1050,1050 28402014.000000 
1051,77 23540.490234 
1051,646 -255.434860 
1051,660 80.206123 
1051,667 -132.159027 
1051,672 79.127686 
1051,675 145.311676 
1051,1043 122.606735 
1051,1044 159.596512 
1051,1050 -25178.496094 
1051,1051 344.415680 
1052,77 1000000.000000 
1052,532 237.984863 
1052,649 733.945251 
1052,658 3058.105713 
1052,660 3407.156006 
1052,662 1066.780762 
1052,672 -12020.379883 
1052,675 6172.840332 
1052,1043 5208.333984 
1052,1044 6779.660156 
1052,1050 -1109540.500000 
1052,1052 47676.113281 
1053,666 584795.250000 
1053,681 -3073702.000000 
1053,1044 -21007.058594 
1053,1053 1274426.625000 
1054,532 30441.398438 
1054,644 18518.519531 
1054,652 -1483956.000000 
1054,672 1047.120483 
1054,1049 -11143.703125 
1054,1054 129248.453125 
1055,649 -17675.166016 
1055,655 8671.523438 
1055,657 -49000.585938 
1055,1055 71574.109375 
1056,646 919.135620 
1056,649 203.891891 
1056,657 442.862030 
1056,664 -2881.228516 
1056,667 19.821444 
1056,1050 16.984478 
1056,1051 -201.552490 
1056,1055 -1255.540771 
1056,1056 1392.179443 
1057,654 -56111.148438 
1057,680 -17583.503906 
1057,1057 40965.277344 
1058,532 257.344666 
1058,649 6060.136230 
1058,657 11439.035156 
1058,658 3306.879150 
1058,660 -11133.536133 
1058,662 1153.562134 
1058,669 -310772.812500 
1058,672 -22862.570312 
1058,674 958.405396 
1058,1046 -32102.552734 
1058,1055 -85090.648438 
1058,1058 283362.968750 
1059,532 6889.898926 
1059,654 9717.228516 
1059,659 15243.900391 
1059,661 121951.203125 
1059,677 -302802.875000 
1059,1059 87607.601562 
1060,645 -204.206238 
1060,1060 29.408855 
1061,556 202.540710 
1061,621 -871.584717 
1061,677 12703.249023 
1061,1059 -18362.787109 
1061,1061 3201.265869 
1062,1062 91.650909 
1063,58 72.350677 
1063,69 811.089294 
1063,70 -1111.802612 
1063,1063 224.256012 
1064,1064 248.795105 
1065,58 257.816254 
1065,69 2890.256348 
1065,70 -4644.460449 
1065,1065 3182.211914 
1066,1066 196.156830 
1067,1067 7.047071 
1068,502 102.371033 
1068,526 756.939331 
1068,527 -8681.068359 
1068,584 -979.726074 
1068,609 -1083.387085 
1068,1066 -1545.881836 
1068,1068 9287.249023 
1069,527 763.492737 
1069,584 142.683060 
1069,609 200.975113 
1069,1066 303.151489 
1069,1068 -3157.371094 
1069,1069 2450.267822 
1070,1070 763.582153 
1071,1067 -25.507008 
1071,1071 48.356152 
1072,1062 -126.594193 
1072,1072 110.608337 
1073,526 658.258667 
1073,527 -10562.798828 
1073,1073 37872.777344 
1074,58 50.014221 
1074,69 560.685791 
1074,70 -1681.381104 
1074,526 554.502014 
1074,527 -6994.838867 
1074,1063 -3421.811279 
1074,1073 -83636.210938 
1074,1074 99585.492188 
1075,70 16.108410 
1075,527 130.240860 
1075,1062 26.564907 
1075,1063 52.177258 
1075,1064 -469.207367 
1075,1072 -149.936142 
1075,1073 826.282166 
1075,1074 -1716.831909 
1075,1075 627.392761 
1076,1076 349.375519 
1077,70 119.553429 
1077,1065 -1004.862183 
1077,1070 -2314.174805 
1077,1076 -1883.186401 
1077,1077 6733.660156 
1078,1065 68.332344 
1078,1070 198.653946 
1078,1076 176.003662 
1078,1077 -1062.898682 
1078,1078 949.931519 
1079,1079 9.045171 
1080,70 538.381104 
1080,1065 -3148.618652 
1080,1070 196.800842 
1080,1076 174.361847 
1080,1077 -1157.341187 
1080,1080 1764.679688 
1081,70 273.154633 
1081,527 2208.529297 
1081,1063 884.783813 
1081,1073 14011.488281 
1081,1074 -34277.078125 
1081,1081 7305.136719 
1082,1064 49.395149 
1082,1072 18.117109 
1082,1074 21.660173 
1082,1075 -126.107399 
1082,1082 18.467466 
1083,1083 250000.000000 
1084,1077 166.363831 
1084,1078 -856.692261 
1084,1084 312.152527 
1085,1062 -54.262497 
1085,1077 35.187580 
1085,1078 -141.368210 
1085,1085 49.128490 
1086,70 69.476280 
1086,527 561.734558 
1086,1063 225.042816 
1086,1068 602.925293 
1086,1069 -2760.291016 
1086,1073 3563.791260 
1086,1074 -7938.390625 
1086,1086 2459.592529 
1087,1064 -2225.298340 
1087,1083 -502139.500000 
1087,1087 254297.296875 
1088,1065 83.797836 
1088,1067 11.412863 
1088,1070 243.614807 
1088,1071 -98.024193 
1088,1076 215.838150 
1088,1077 -1130.547607 
1088,1088 251.113785 
1089,1089 149.175461 
1090,577 -121544.101562 
1090,1090 15315.472656 
1091,577 560.487732 
1091,1090 -651.673584 
1091,1091 214.908859 
1092,527 337.544189 
1092,584 63.080936 
1092,596 174.556610 
1092,603 -2301.859375 
1092,609 88.852165 
1092,1066 134.024872 
1092,1068 -1271.018799 
1092,1092 1328.682617 
1093,1090 26.750555 
1093,1091 -168.431305 
1093,1093 224.524460 
1094,635 15.183475 
1094,636 -43.835747 
1094,788 9.927389 
1094,789 -43.111618 
1094,1094 41.182777 
1095,63 159235.703125 
1095,65 -161660.875000 
1095,1065 34.262966 
1095,1070 99.608368 
1095,1076 88.251144 
1095,1077 -1031.348511 
1095,1095 18599.697266 
1096,65 70.708565 
1096,1077 20.965523 
1096,1095 -678.899475 
1096,1096 272.496918 
1097,1097 9802.960938 
1098,1091 52.854118 
1098,1093 -286.919434 
1098,1098 251.530090 
1099,1093 60.998852 
1099,1098 -146.997223 
1099,1099 42.999191 
1100,65 116.913139 
1100,1077 34.665462 
1100,1095 -1815.796631 
1100,1097 -20786.208984 
1100,1100 12305.642578 
1101,608 -168.977661 
1101,1095 33.617870 
1101,1097 453.341980 
1101,1100 -567.627930 
1101,1101 170.019684 
1102,1102 20.474604 
1103,1095 33.665630 
1103,1096 -182.630646 
1103,1103 57.479156 
1104,1104 2133.481201 
1105,65 258.499573 
1105,599 -170.960480 
1105,1077 76.646706 
1105,1095 -2575.538330 
1105,1105 496.060211 
1106,1089 -253.181183 
1106,1106 231.986404 
1107,1095 10.384697 
1107,1096 -44.074162 
1107,1107 5.469209 
1108,1090 20.102896 
1108,1091 -80.826752 
1108,1108 18.231663 
1109,1089 55.405956 
1109,1106 -127.550179 
1109,1109 36.072105 
1110,792 -232.805817 
1110,1110 114.054932 
1111,1111 54.465492 
1112,1089 -65.373917 
1112,1095 9.533053 
1112,1096 -56.178299 
1112,1102 -64.186707 
1112,1112 93.322838 
1113,65 1396.804321 
1113,1070 -796.655151 
1113,1077 414.161072 
1113,1095 -20231.224609 
1113,1113 8884.051758 
1114,792 21.160395 
1114,797 28.921656 
1114,798 -156.521362 
1114,1110 -68.161263 
1114,1114 232.736679 
1115,798 26.314775 
1115,1110 11.521791 
1115,1114 -86.101486 
1115,1115 19.219822 
1116,798 13.452269 
1116,1110 5.890008 
1116,1114 -39.213047 
1116,1116 5.022744 
1117,1079 -31.486862 
1117,1117 55.679386 
1118,1104 -1605.041016 
1118,1118 535.836853 
1119,530 240.038391 
1119,581 371.471008 
1119,776 171.762299 
1119,780 127.000252 
1119,785 550.357483 
1119,797 -9389.772461 
1119,1104 -2917.307373 
1119,1111 -647.982483 
1119,1119 6467.625000 
1120,608 16.273142 
1120,1079 13.396521 
1120,1100 25.199526 
1120,1101 -126.566208 
1120,1117 -77.593689 
1120,1120 99.160172 
1121,532 1365.281616 
1121,649 4210.527832 
1121,651 817.761536 
1121,658 17543.871094 
1121,662 6119.953125 
1121,670 -12351.342773 
1121,672 -82028.687500 
1121,1121 25381.970703 
1122,813 -1228132.875000 
1122,1122 625708.312500 
1123,617 -10019.408203 
1123,884 -33394.839844 
1123,1123 21129.529297 
1124,526 564.716614 
1124,527 -4915.653809 
1124,1124 1373.216064 
1125,579 8279.518555 
1125,886 6028.455078 
1125,895 -427531.187500 
1125,1125 206611.609375 
1126,894 -200372096.000000 
1126,1126 100000000.000000 
1127,571 365.130005 
1127,581 308.535767 
1127,775 2535.625488 
1127,776 -5666.545410 
1127,1127 1020.730896 
1128,577 384615.375000 
1128,785 13333.334961 
1128,786 -897948.500000 
1128,1128 250000.000000 
1129,901 -200266800.000000 
1129,1129 100316656.000000 
1130,75 67.686470 
1130,532 144.421005 
1130,810 195.577988 
1130,814 304.085419 
1130,885 108.822815 
1130,917 2723.867432 
1130,918 -5737.166504 
1130,1130 504.986755 
1131,1131 594.883789 
1132,785 2897.710693 
1132,788 -64441.039062 
1132,1132 29726.519531 
1133,906 176366.812500 
1133,922 -200338208.000000 
1133,1133 100000000.000000 
1134,894 122699.406250 
1134,936 -200451696.000000 
1134,1134 100000000.000000 
1135,527 282.661591 
1135,901 158227.906250 
1135,1124 -683.360474 
1135,1129 -158898.531250 
1135,1135 705.641785 
1136,813 16758.837891 
1136,1122 -18239.519531 
1136,1131 -1721.145508 
1136,1136 2132.291260 
1137,523 40866.371094 
1137,577 89365.500000 
1137,773 144927.500000 
1137,784 145772.593750 
1137,785 45413.261719 
1137,802 -200466304.000000 
1137,1137 100000000.000000 
1138,797 2215.574219 
1138,805 -29897.210938 
1138,1138 13840.817383